7
28
17
7
28
17
pcf1.10
perfusionday
0
3
7
29
22
8
29
47
22
4
.3
1
612
612
1
1
1
1
1
1
1
1
1
1
1
1
1
1
1
1
1
1
1
1
1
1
1
611
-1
0.311
1.28800000000000001
11.32100000000000022
11.45500000000000023
11.55900000000000023
11.66700000000000023
33.7169999999999883
33.8229999999999884
34.0289999999999886
35.7969999999999901
35.8999999999999902
36.0189999999999903
36.1399999999999905
36.2549999999999906
36.3969999999999907
36.4899999999999908
36.6119999999999909
36.745999999999991
36.8809999999999911
36.9939999999999912
37.1209999999999913
37.2409999999999914
37.3929999999999916
37.5029999999999917
37.6359999999999918
37.7639999999999919
37.895999999999992
38.0219999999999921
38.1579999999999922
38.2969999999999924
38.4279999999999925
38.5609999999999926
38.6959999999999927
39.5149999999999934
39.6519999999999936
39.7929999999999937
39.9269999999999938
40.0679999999999939
40.2079999999999941
40.3369999999999942
40.4779999999999943
40.6189999999999944
43.0279999999999966
43.0849999999999966
43.1539999999999967
43.3009999999999968
43.4479999999999969
43.5839999999999971
43.7359999999999972
43.9009999999999973
44.2339999999999976
46.4229999999999996
46.5449999999999997
46.6809999999999998
49.3660000000000022
49.4850000000000023
49.6110000000000024
49.7440000000000025
50.308000000000003
50.4590000000000032
53.4220000000000058
55.2750000000000074
55.4930000000000076
55.5290000000000077
84.3210000000000332
84.4410000000000334
84.5410000000000334
84.6470000000000335
84.7720000000000336
84.8970000000000338
85.0270000000000339
85.149000000000034
85.2900000000000341
85.4220000000000342
85.5740000000000344
85.6900000000000345
86.348000000000035
86.6260000000000353
86.8370000000000355
86.9580000000000356
89.1730000000000376
89.3110000000000377
136.181000000000079
136.282000000000079
136.41300000000008
136.52700000000008
136.66500000000008
136.78700000000008
136.92700000000008
137.04900000000008
137.19700000000008
137.29800000000008
137.43100000000008
226.59600000000016
226.70600000000016
226.82500000000016
226.94400000000016
227.07600000000016
227.21900000000016
229.258000000000162
229.350000000000162
229.476000000000162
306.614000000000231
306.720000000000231
306.843000000000231
306.977000000000231
307.105000000000231
307.224000000000231
307.370000000000231
307.519000000000231
307.670000000000232
307.731000000000232
307.810000000000232
308.410000000000232
308.527000000000232
308.646000000000232
308.799000000000233
308.913000000000233
316.527000000000239
433.973000000000344
434.079000000000344
434.214000000000344
434.344000000000344
434.462000000000344
434.593000000000344
434.723000000000344
449.562000000000358
449.684000000000358
449.822000000000358
449.943000000000358
450.357000000000358
450.496000000000358
451.315000000000359
451.425000000000359
458.244000000000365
458.363000000000365
458.511000000000366
458.646000000000366
487.754000000000392
487.855000000000392
487.976000000000392
489.223000000000393
489.328000000000393
489.462000000000393
491.978000000000395
492.095000000000395
492.234000000000396
492.409000000000396
853.640000000000717
936.65900000000079
940.416000000000794
943.594000000000796
943.779000000000796
943.970000000000797
973.603000000000823
973.680000000000823
973.744000000000823
973.833000000000823
974.145000000000824
974.238000000000824
974.528000000000824
983.749000000000832
1033.10100000000088
1132.73000000000096
1133.30800000000096
1133.98200000000097
1134.22600000000097
1134.39600000000097
1134.51300000000097
1134.63500000000097
1134.80100000000097
1134.93700000000097
1135.09400000000097
1135.22600000000097
1135.36700000000097
1135.61100000000097
1135.73400000000097
1135.85200000000097
1135.99200000000097
1136.12700000000097
1136.26100000000097
1136.39700000000097
1136.53600000000097
1136.66900000000097
1136.81700000000097
1136.97800000000097
1137.12800000000097
1137.27900000000097
1137.42700000000097
1137.58200000000097
1137.72100000000097
1137.85800000000097
1138.02400000000097
1138.55400000000097
1138.67200000000097
1138.81500000000097
1138.96500000000097
1139.49000000000097
1141.23300000000097
1141.36600000000097
1141.48100000000097
1141.61200000000097
1142.00300000000097
1142.42100000000097
1142.55300000000097
1142.71300000000097
1142.83900000000097
1142.95300000000097
1143.07900000000097
1143.20700000000097
1143.31200000000097
1143.44600000000097
1143.55800000000097
1143.67700000000097
1143.80600000000097
1143.94500000000097
1144.09400000000097
1144.24100000000097
1144.38500000000097
1144.52900000000097
1144.67600000000097
1144.81500000000098
1144.95700000000098
1145.12400000000098
1145.20400000000098
1145.27100000000098
1145.34900000000098
1145.42200000000098
1145.48700000000098
1145.56800000000098
1145.70100000000098
1145.83900000000098
1145.98200000000098
1146.06000000000098
1146.14400000000098
1146.32000000000098
1146.38600000000098
1146.54900000000098
1146.60500000000098
1146.69200000000098
1146.76400000000098
1146.91200000000098
1147.08700000000098
1147.18100000000098
1147.24200000000098
1147.44200000000098
1147.88200000000098
1148.02200000000098
1148.15900000000098
1148.32900000000098
1148.48800000000098
1148.65500000000098
1149.40600000000098
1149.55200000000098
1149.69200000000098
1149.75700000000098
1149.84500000000098
1150.00000000000098
1150.12100000000098
1150.25900000000098
1150.43200000000098
1150.60700000000098
1150.70400000000098
1150.77300000000098
1150.93700000000098
1151.08200000000098
1151.19300000000098
1151.35100000000098
1151.52300000000098
1151.68800000000098
1151.82100000000098
1151.95400000000098
1152.10900000000098
1152.23800000000098
1152.39500000000098
1152.56200000000098
1152.68800000000098
1152.82400000000098
1152.97700000000098
1153.07000000000098
1153.15700000000098
1153.22000000000098
1153.29300000000098
1153.34300000000098
1153.73800000000098
1153.89400000000098
1154.05200000000098
1154.20900000000098
1154.36800000000098
1154.53100000000098
1154.66900000000098
1154.81400000000098
1154.97400000000098
1155.11600000000098
1155.26100000000098
1155.43400000000098
1155.56500000000098
1156.12500000000099
1156.25500000000099
1156.39200000000099
1156.41600000000099
1156.63500000000099
1156.80500000000099
1156.97700000000099
1157.11500000000099
1157.15200000000099
1157.34900000000099
1157.51900000000099
1157.69000000000099
1157.83700000000099
1158.20400000000099
1158.31700000000099
1158.35500000000099
1158.56700000000099
1158.75900000000099
1158.93600000000099
1159.09200000000099
1159.59500000000099
1159.73800000000099
1159.92000000000099
1160.10900000000099
1160.17400000000099
1160.33100000000099
1161.03900000000099
1161.15500000000099
1161.30900000000099
1161.71900000000099
1161.79200000000099
1161.94400000000099
1162.12400000000099
1162.32300000000099
1162.49300000000099
1162.91000000000099
1163.00300000000099
1163.04300000000099
1163.35000000000099
1163.54800000000099
1163.98400000000099
1164.09600000000099
1164.12200000000099
1164.18400000000099
1164.41100000000099
1164.54000000000099
1164.69600000000099
1164.85300000000099
1165.01600000000099
1165.28000000000099
1165.73700000000099
1165.97700000000099
1166.53400000000099
1166.59200000000099
1166.63900000000099
1166.76400000000099
1166.92000000000099
1167.08600000000099
1169.989000000001
1170.073000000001
1170.176000000001
1170.202000000001
1170.351000000001
1170.534000000001
1170.947000000001
1171.014000000001
1171.087000000001
1171.253000000001
1171.410000000001
1171.578000000001
1171.712000000001
1171.915000000001
1172.049000000001
1172.142000000001
1172.624000000001
1172.815000000001
1176.529000000001
1176.665000000001
1176.796000000001
1176.949000000001
1177.014000000001
1177.124000000001
1177.253000000001
1177.322000000001
1177.450000000001
1177.576000000001
1178.129000000001
1178.254000000001
1178.341000000001
1178.484000000001
1179.11300000000101
1179.19800000000101
1179.31500000000101
1179.43800000000101
1179.46200000000101
1182.94000000000101
1183.03000000000101
1183.10100000000101
1183.17400000000101
1183.36200000000101
1183.42800000000101
1318.45800000000113
1318.57600000000113
1318.69700000000113
1318.83600000000113
1319.44100000000113
1319.64100000000113
1319.78600000000113
1327.14100000000114
1553.49800000000134
1553.61400000000134
1553.86300000000134
1554.00900000000134
1554.16200000000134
1554.32400000000134
1555.86900000000134
1555.98900000000134
1556.13300000000134
1556.29800000000134
1560.61900000000134
1560.73400000000134
1560.88600000000134
1561.44200000000135
1561.65500000000135
1561.84500000000135
1562.00400000000135
1562.15100000000135
1562.18000000000135
1562.35200000000135
1562.51000000000135
1562.64700000000135
1562.80900000000135
1562.96600000000135
1563.15000000000135
1571.48700000000135
1571.63000000000135
1787.24400000000155
1788.44700000000155
1788.58900000000155
1789.76200000000155
1791.17800000000155
1791.67100000000155
1791.82600000000155
1800.57000000000156
1800.73000000000156
1801.91600000000156
1976.32700000000171
1976.89600000000171
1977.02300000000171
1977.18300000000171
1977.29700000000171
1977.44700000000171
1977.57900000000171
1977.71900000000171
2543.06499999994725
2543.18399999994724
2543.32499999994722
2543.43899999994721
2543.5569999999472
2543.68499999994719
2543.79899999994717
2543.93199999994716
2544.05299999994714
2544.17499999994713
2544.30199999994712
2544.4239999999471
2544.55599999994709
2544.69399999994707
2544.82999999994706
2544.96699999994704
2545.09299999994703
2545.22899999994702
2545.355999999947
2545.50299999994699
2545.66199999994697
2545.78999999994695
2545.94599999994694
2546.06699999994692
2546.19099999994691
2546.32599999994689
2546.49299999994688
2546.64499999994686
2546.78699999994684
2546.93199999994683
2547.50299999994676
2547.62099999994675
2547.77099999994674
2547.92199999994672
2548.1039999999467
2548.27599999994668
2548.43299999994666
2548.60699999994664
2549.15299999994658
2549.29799999994657
2549.46999999994655
2549.64899999994653
2549.81099999994651
2550.31399999994646
2550.45499999994644
2550.62899999994642
2552.77499999994618
2552.91999999994617
2608.44299999994005
2608.54299999994004
2608.68799999994003
2608.81999999994001
2608.96399999994
2609.11499999993998
2757.45599999992364
2757.95199999992359
2758.10299999992357
2758.20899999992356
2758.34599999992354
2758.47099999992353
2758.61699999992351
2758.7309999999235
2758.87499999992349
2759.00099999992347
2759.14799999992346
2759.30199999992344
2759.42099999992343
2759.56499999992341
2759.72499999992339
2759.85999999992338
2760.00899999992336
2760.17199999992334
2760.32699999992333
2760.46499999992331
2760.5979999999233
2760.74699999992328
2760.84899999992327
2760.90499999992326
2761.07499999992324
2761.72099999992317
2761.83499999992316
2761.98499999992314
2762.13199999992313
2762.30499999992311
2762.44699999992309
2762.57099999992308
2762.86899999992305
2762.99699999992303
2819.09599999991685
2819.20399999991684
2819.31199999991683
2819.44499999991681
2819.5699999999168
2819.71199999991679
2819.81799999991677
2819.95699999991676
2820.08599999991674
2820.22099999991673
2820.36799999991671
2820.4919999999167
2820.63999999991668
2820.78099999991667
2820.91199999991665
2821.07199999991664
2821.23899999991662
2821.4089999999166
2821.56999999991658
2821.70599999991657
2821.85699999991655
2822.01499999991653
2822.17299999991651
2822.35699999991649
2822.52299999991648
2822.93799999991643
2823.07899999991641
2823.2299999999164
2823.40599999991638
2823.52399999991637
2823.69099999991635
2823.82999999991633
2824.26999999991628
2824.44999999991626
2824.58699999991625
2824.75299999991623
2826.35999999991605
2826.48599999991604
2826.64899999991602
2836.55199999991493
2836.66399999991492
2836.8019999999149
2836.93199999991489
2837.07499999991487
2837.21199999991486
2837.36399999991484
2837.49599999991483
2837.65399999991481
2837.80299999991479
2837.96099999991478
2838.07599999991476
2838.23399999991475
2838.38199999991473
2838.54199999991471
2838.69599999991469
2839.00699999991466
2839.13699999991465
2839.29799999991463
2839.46699999991461
2843.52299999991416
2843.63999999991415
2843.77799999991413
2843.92299999991412
2844.0679999999141
2844.24399999991408
2844.39599999991407
2847.16199999991376
2847.23399999991375
2847.36199999991374
2847.52299999991372
2847.6819999999137
2847.86599999991368
-2
0.325
1.34600000000000002
11.36000000000000022
11.49100000000000023
11.60100000000000023
11.70400000000000023
33.7549999999999883
33.8569999999999884
34.0559999999999886
35.8329999999999902
35.9439999999999903
36.0639999999999904
36.1829999999999905
36.3069999999999906
36.4109999999999907
36.5359999999999908
36.6729999999999909
36.801999999999991
36.9169999999999911
37.0369999999999912
37.1629999999999914
37.3009999999999915
37.4299999999999916
37.5669999999999917
37.6919999999999918
37.8209999999999919
37.9439999999999921
38.0819999999999922
38.2179999999999923
38.3469999999999924
38.4769999999999925
38.6229999999999927
39.4359999999999934
39.5709999999999935
39.7089999999999936
39.8479999999999937
39.9859999999999939
40.133999999999994
40.2709999999999941
40.3929999999999942
40.5339999999999944
40.6639999999999945
43.0809999999999966
43.1079999999999966
43.2189999999999967
43.3649999999999969
43.500999999999997
43.6569999999999971
43.8199999999999973
44.1549999999999976
46.3489999999999995
46.4769999999999996
46.6069999999999997
49.2750000000000021
49.4200000000000022
49.5430000000000024
49.6990000000000025
50.282000000000003
50.4050000000000031
53.3960000000000058
55.2680000000000074
55.3140000000000075
55.5270000000000077
55.6040000000000077
84.3440000000000333
84.4780000000000334
84.5790000000000335
84.6970000000000336
84.8210000000000337
84.9520000000000338
85.0800000000000339
85.219000000000034
85.3520000000000342
85.4880000000000343
85.6160000000000344
85.7560000000000345
86.4250000000000351
86.7020000000000354
86.8750000000000355
87.0030000000000356
89.1860000000000376
89.3860000000000377
136.212000000000079
136.330000000000079
136.45600000000008
136.58200000000008
136.71900000000008
136.85300000000008
136.98100000000008
137.11500000000008
137.23400000000008
137.35300000000008
137.46800000000008
226.64300000000016
226.75400000000016
226.87200000000016
227.00200000000016
227.13800000000016
227.24500000000016
229.284000000000162
229.394000000000162
229.509000000000162
306.650000000000231
306.770000000000231
306.895000000000231
307.031000000000231
307.152000000000231
307.296000000000231
307.439000000000231
307.575000000000232
307.689000000000232
307.747000000000232
307.856000000000232
308.450000000000232
308.569000000000232
308.709000000000233
308.840000000000233
308.983000000000233
316.57700000000024
434.013000000000344
434.134000000000344
434.266000000000344
434.391000000000344
434.516000000000344
434.647000000000344
434.781000000000344
449.614000000000358
449.741000000000358
449.873000000000358
450.003000000000358
450.390000000000358
450.518000000000358
451.343000000000359
451.467000000000359
458.289000000000365
458.420000000000366
458.567000000000366
458.700000000000366
487.785000000000392
487.901000000000392
488.034000000000392
489.258000000000393
489.382000000000393
489.527000000000393
492.032000000000395
492.152000000000395
492.290000000000396
492.439000000000396
853.662000000000716
936.72700000000079
940.524000000000794
943.738000000000797
943.944000000000797
950.300000000000802
973.635000000000823
973.720000000000823
973.766000000000823
973.898000000000823
974.188000000000824
974.518000000000824
975.539000000000825
983.838000000000832
1033.20300000000088
1132.75600000000096
1133.32700000000096
1133.99900000000097
1134.25200000000097
1134.43400000000097
1134.55300000000097
1134.67900000000097
1134.83300000000097
1135.00000000000097
1135.12900000000097
1135.29000000000097
1135.41700000000097
1135.65100000000097
1135.77200000000097
1135.90900000000097
1136.04800000000097
1136.17900000000097
1136.31100000000097
1136.44700000000097
1136.58400000000097
1136.73000000000097
1136.88900000000097
1137.03700000000097
1137.19500000000097
1137.34400000000097
1137.49000000000097
1137.63400000000097
1137.77600000000097
1137.93100000000097
1138.08000000000097
1138.59200000000097
1138.73500000000097
1138.86500000000097
1139.03000000000097
1139.50900000000097
1141.26100000000097
1141.40800000000097
1141.53800000000097
1141.67700000000097
1142.02700000000097
1142.46900000000097
1142.62000000000097
1142.76200000000097
1142.87900000000097
1143.00500000000097
1143.12700000000097
1143.23600000000097
1143.37000000000097
1143.48500000000097
1143.60200000000097
1143.73300000000097
1143.86600000000097
1144.01200000000097
1144.16100000000097
1144.30400000000097
1144.44300000000097
1144.59400000000097
1144.73600000000098
1144.86500000000098
1145.03500000000098
1145.19000000000098
1145.22400000000098
1145.34000000000098
1145.36600000000098
1145.47800000000098
1145.50300000000098
1145.62400000000098
1145.76000000000098
1145.90000000000098
1146.04000000000098
1146.07400000000098
1146.21900000000098
1146.36900000000098
1146.53700000000098
1146.56200000000098
1146.67600000000098
1146.70700000000098
1146.83600000000098
1147.01000000000098
1147.16700000000098
1147.19700000000098
1147.32600000000098
1147.52000000000098
1147.93800000000098
1148.08300000000098
1148.23400000000098
1148.41000000000098
1148.56700000000098
1148.73000000000098
1149.47000000000098
1149.61700000000098
1149.74800000000098
1149.77700000000098
1149.91800000000098
1150.04900000000098
1150.17700000000098
1150.34400000000098
1150.54100000000098
1150.68800000000098
1150.72200000000098
1150.85500000000098
1151.00300000000098
1151.12200000000098
1151.26300000000098
1151.43500000000098
1151.60900000000098
1151.74400000000098
1151.88000000000098
1152.02400000000098
1152.16100000000098
1152.31200000000098
1152.47800000000098
1152.61000000000098
1152.74600000000098
1152.89600000000098
1153.05400000000098
1153.10400000000098
1153.20500000000098
1153.23200000000098
1153.33400000000098
1153.72200000000098
1153.81900000000098
1153.97500000000098
1154.12900000000098
1154.28900000000098
1154.45300000000098
1154.57600000000098
1154.73500000000098
1154.89100000000098
1155.04000000000098
1155.18800000000098
1155.35200000000098
1155.48300000000098
1155.64900000000098
1156.18400000000099
1156.32800000000099
1156.40100000000099
1156.52000000000099
1156.72200000000099
1156.90000000000099
1157.07400000000099
1157.13500000000099
1157.25800000000099
1157.44400000000099
1157.61000000000099
1157.74400000000099
1157.92700000000099
1158.26200000000099
1158.33900000000099
1158.45500000000099
1158.67000000000099
1158.88800000000099
1159.02400000000099
1159.17800000000099
1159.66000000000099
1159.83300000000099
1160.06100000000099
1160.14700000000099
1160.25200000000099
1160.41400000000099
1161.10000000000099
1161.29500000000099
1161.71200000000099
1161.77600000000099
1161.93100000000099
1162.04200000000099
1162.22800000000099
1162.37500000000099
1162.54100000000099
1162.97900000000099
1163.01500000000099
1163.34400000000099
1163.45400000000099
1163.61800000000099
1164.01200000000099
1164.11400000000099
1164.15100000000099
1164.24800000000099
1164.46900000000099
1164.61800000000099
1164.77600000000099
1164.93800000000099
1165.27300000000099
1165.67900000000099
1165.87800000000099
1166.02200000000099
1166.56400000000099
1166.60300000000099
1166.66800000000099
1166.83100000000099
1167.00000000000099
1167.20200000000099
1170.003000000001
1170.127000000001
1170.186000000001
1170.289000000001
1170.478000000001
1170.607000000001
1171.004000000001
1171.043000000001
1171.163000000001
1171.321000000001
1171.485000000001
1171.651000000001
1171.755000000001
1171.950000000001
1172.118000000001
1172.544000000001
1172.721000000001
1172.907000000001
1176.556000000001
1176.716000000001
1176.861000000001
1177.007000000001
1177.058000000001
1177.159000000001
1177.283000000001
1177.370000000001
1177.563000000001
1178.053000000001
1178.238000000001
1178.289000000001
1178.478000000001
1178.84800000000101
1179.16200000000101
1179.24200000000101
1179.38900000000101
1179.45200000000101
1179.58100000000101
1182.96000000000101
1183.08300000000101
1183.11500000000101
1183.28000000000101
1183.41800000000101
1183.49700000000101
1318.47200000000113
1318.61100000000113
1318.75300000000113
1318.90000000000113
1319.47500000000113
1319.70000000000113
1319.84900000000113
1327.17500000000114
1553.52800000000134
1553.65100000000134
1553.92200000000134
1554.07200000000134
1554.22200000000134
1554.36600000000134
1555.90800000000134
1556.04200000000134
1556.20400000000134
1556.34400000000134
1560.65900000000134
1560.79900000000134
1560.95400000000134
1561.63000000000135
1561.77200000000135
1561.91600000000135
1562.09900000000135
1562.15700000000135
1562.28300000000135
1562.42600000000135
1562.56700000000135
1562.71600000000135
1562.86100000000135
1563.03200000000135
1563.20200000000135
1571.54500000000135
1571.69300000000135
1787.27800000000155
1788.49800000000155
1788.64800000000155
1789.80000000000155
1791.22700000000155
1791.72200000000155
1791.85000000000155
1800.62400000000156
1800.77600000000156
1801.95500000000156
1976.36100000000171
1976.93500000000171
1977.09000000000171
1977.21600000000171
1977.35800000000171
1977.49700000000171
1977.62700000000171
1977.74400000000171
2543.09899999994725
2543.29799999994723
2543.35999999994722
2543.47399999994721
2543.59999999994719
2543.72099999994718
2543.85199999994717
2543.96799999994715
2544.08899999994714
2544.21899999994713
2544.33999999994711
2544.4709999999471
2544.60699999994708
2544.74399999994707
2544.87699999994705
2545.00299999994704
2545.12899999994703
2545.26799999994701
2545.414999999947
2545.57499999994698
2545.71099999994696
2545.85699999994695
2545.98699999994693
2546.10699999994692
2546.2369999999469
2546.40699999994689
2546.55699999994687
2546.70299999994685
2546.84699999994684
2546.98699999994682
2547.53899999994676
2547.67899999994675
2547.83299999994673
2548.03499999994671
2548.24699999994668
2548.35599999994667
2548.51799999994665
2548.64399999994664
2549.21399999994658
2549.36899999994656
2549.56199999994654
2549.74599999994652
2549.8899999999465
2550.35299999994645
2550.53899999994643
2550.70499999994641
2552.82899999994618
2552.97699999994616
2608.46599999994005
2608.60299999994004
2608.73599999994002
2608.87599999994001
2609.02099999993999
2609.17499999993997
2757.47899999992364
2757.97599999992358
2758.13799999992357
2758.26799999992355
2758.39799999992354
2758.53199999992352
2758.66199999992351
2758.7889999999235
2758.92499999992348
2759.06499999992346
2759.20799999992345
2759.34499999992343
2759.48399999992342
2759.6349999999234
2759.77599999992339
2759.92899999992337
2760.08799999992335
2760.23999999992334
2760.36399999992332
2760.51299999992331
2760.65099999992329
2760.81399999992327
2760.86399999992327
2760.98899999992325
2761.14799999992324
2761.75599999992317
2761.90599999992315
2762.03599999992314
2762.21499999992312
2762.3609999999231
2762.48899999992309
2762.64099999992307
2762.92199999992304
2763.07099999992302
2819.10599999991685
2819.24899999991684
2819.36999999991682
2819.49699999991681
2819.63499999991679
2819.74299999991678
2819.87999999991677
2820.01299999991675
2820.14699999991674
2820.28599999991672
2820.41699999991671
2820.55399999991669
2820.69799999991668
2820.83199999991666
2820.97399999991665
2821.19399999991662
2821.3549999999166
2821.48399999991659
2821.63099999991657
2821.77199999991656
2821.92699999991654
2822.08899999991652
2822.25399999991651
2822.43799999991649
2822.56399999991647
2822.99499999991642
2823.14899999991641
2823.30499999991639
2823.44999999991637
2823.60199999991636
2823.74699999991634
2823.92599999991632
2824.29299999991628
2824.50499999991626
2824.65399999991624
2824.77999999991623
2826.40399999991605
2826.55799999991603
2826.71199999991601
2836.60199999991493
2836.72199999991491
2836.8539999999149
2836.99299999991488
2837.13399999991487
2837.28099999991485
2837.41799999991484
2837.56499999991482
2837.7179999999148
2837.87399999991479
2837.99499999991477
2838.14599999991476
2838.29699999991474
2838.46199999991472
2838.6089999999147
2838.76399999991469
2839.06299999991465
2839.20799999991464
2839.38299999991462
2839.5409999999146
2843.57299999991416
2843.69699999991414
2843.84199999991413
2843.98599999991411
2844.14299999991409
2844.30499999991408
2844.48199999991406
2847.18599999991376
2847.28999999991375
2847.43099999991373
2847.56799999991372
2847.77699999991369
2847.93399999991368
0
-3
-4
0
0
0
0
0
3600
0
0
0
0
0
0
0
3600.00099999983085
0
0
0
0
0
0
