7
28
17
7
28
17
pcf1.11
perfusionday
0
3
8
43
17
9
44
41
22
4
.3
1
636
636
1
1
1
1
1
1
1
1
1
1
1
1
1
1
1
1
1
1
1
1
1
1
1
635
-1
4.53100000000000008
4.63800000000000008
4.77200000000000009
4.89600000000000009
5.02800000000000009
5.16000000000000009
5.2870000000000001
5.4250000000000001
5.5570000000000001
5.95400000000000011
6.09900000000000011
6.23400000000000012
6.36900000000000012
6.51100000000000012
6.66300000000000013
6.95200000000000013
7.80600000000000015
8.08200000000000016
8.88800000000000017
9.54900000000000019
9.68500000000000019
9.82800000000000019
9.97300000000000019
10.1260000000000002
10.2610000000000002
10.3940000000000002
10.52600000000000021
10.66000000000000021
10.78800000000000021
10.92600000000000021
11.07100000000000022
11.21300000000000022
11.35100000000000022
11.48300000000000023
11.62400000000000023
11.77100000000000023
11.93600000000000024
12.07100000000000024
12.21600000000000024
12.36500000000000024
12.52200000000000025
12.66800000000000025
12.82000000000000025
12.96200000000000026
13.11100000000000026
13.26500000000000026
13.41300000000000027
13.56800000000000027
13.72600000000000027
13.86500000000000028
14.00600000000000028
14.14900000000000028
14.29500000000000028
14.59800000000000029
14.74100000000000029
14.8940000000000003
15.0420000000000003
15.45600000000000031
15.57700000000000031
15.71100000000000031
15.86300000000000032
16.0090000000000003
16.6339999999999998
16.7779999999999997
16.9249999999999995
17.0169999999999995
17.0739999999999994
17.2429999999999993
17.4049999999999991
19.937999999999997
20.0589999999999969
20.1389999999999968
20.3729999999999966
20.5479999999999965
20.7259999999999963
20.8619999999999962
21.1669999999999959
23.2049999999999942
25.835999999999992
25.9989999999999919
28.4539999999999898
28.6139999999999896
28.7809999999999895
28.9469999999999894
29.1149999999999892
29.2879999999999891
29.4579999999999889
29.6269999999999888
29.7809999999999887
30.2409999999999883
30.3709999999999882
30.509999999999988
38.5299999999999926
38.6699999999999927
38.8169999999999928
38.959999999999993
39.1019999999999931
39.2459999999999932
39.3879999999999933
39.5429999999999935
39.6909999999999936
39.8339999999999937
39.9779999999999939
40.119999999999994
40.2619999999999941
66.4950000000000174
66.6060000000000175
66.7130000000000176
66.8390000000000177
66.9610000000000178
67.214000000000018
67.3210000000000181
67.4480000000000183
67.5700000000000184
67.7010000000000185
67.8240000000000186
67.9550000000000187
68.0790000000000188
68.2070000000000189
68.334000000000019
68.4660000000000192
68.6020000000000193
68.7370000000000194
68.8750000000000195
69.0080000000000196
69.1410000000000198
69.2730000000000199
69.41700000000002
69.5530000000000201
69.6820000000000202
69.8110000000000204
69.9470000000000205
70.0830000000000206
70.2230000000000207
70.3610000000000208
70.504000000000021
70.6530000000000211
70.8030000000000212
70.9550000000000214
71.1060000000000215
71.2480000000000216
71.3860000000000218
71.5230000000000219
71.669000000000022
71.7610000000000221
71.8180000000000221
71.9910000000000223
72.1620000000000224
72.3080000000000226
72.4560000000000227
72.6100000000000228
72.7060000000000229
72.771000000000023
72.9360000000000231
73.0950000000000233
73.2420000000000234
73.3940000000000235
73.5270000000000237
73.6950000000000238
73.854000000000024
74.0070000000000241
74.1460000000000242
74.2970000000000243
74.4390000000000245
74.7200000000000247
74.8800000000000249
75.5090000000000254
75.6290000000000255
75.7620000000000256
75.9060000000000258
76.0550000000000259
76.164000000000026
76.222000000000026
76.3750000000000262
76.5550000000000264
76.7420000000000265
77.4040000000000271
79.6040000000000291
79.6590000000000291
79.7180000000000292
79.8460000000000293
80.0510000000000294
86.0420000000000348
102.1880000000000491
102.3120000000000492
102.4870000000000494
102.5870000000000495
102.9110000000000498
103.0400000000000499
103.2490000000000501
103.3390000000000501
147.467000000000089
149.707000000000091
150.099000000000092
150.207000000000092
150.523000000000092
150.600000000000092
150.667000000000092
236.418000000000168
237.111000000000169
237.169000000000169
237.199000000000169
237.518000000000169
282.494000000000209
284.098000000000211
284.333000000000211
284.417000000000211
284.533000000000211
287.859000000000214
287.897000000000214
288.909000000000215
289.005000000000215
289.025000000000215
290.017000000000216
290.118000000000216
290.231000000000216
290.333000000000216
290.439000000000216
290.556000000000216
290.611000000000216
290.687000000000217
290.787000000000217
290.879000000000217
290.999000000000217
291.119000000000217
291.239000000000217
291.362000000000217
291.488000000000217
291.610000000000217
291.765000000000218
291.917000000000218
292.013000000000218
292.061000000000218
292.148000000000218
292.195000000000218
292.341000000000218
292.501000000000218
292.606000000000218
292.650000000000218
292.800000000000218
292.957000000000219
293.107000000000219
293.282000000000219
293.439000000000219
293.583000000000219
293.727000000000219
293.882000000000219
294.05800000000022
294.20800000000022
294.34900000000022
294.52000000000022
294.63900000000022
294.69500000000022
294.78900000000022
294.85600000000022
295.00300000000022
295.228000000000221
295.360000000000221
295.458000000000221
295.601000000000221
295.744000000000221
295.901000000000221
296.072000000000221
296.231000000000221
296.326000000000222
296.388000000000222
296.472000000000222
296.544000000000222
296.743000000000222
296.907000000000222
297.287000000000222
297.913000000000223
298.021000000000223
298.131000000000223
298.268000000000223
298.440000000000223
298.690000000000224
298.819000000000224
299.051000000000224
299.333000000000224
299.500000000000224
299.867000000000225
299.994000000000225
300.052000000000225
300.228000000000225
300.354000000000225
307.789000000000232
308.216000000000232
308.331000000000232
308.881000000000233
308.965000000000233
360.808000000000279
361.029000000000279
361.121000000000279
361.234000000000279
432.052000000000342
432.168000000000342
432.762000000000343
512.928000000000414
571.448000000000466
571.544000000000466
571.607000000000466
571.658000000000466
571.774000000000466
572.118000000000466
572.234000000000467
572.402000000000467
572.514000000000467
572.807000000000467
573.334000000000468
573.439000000000468
573.534000000000468
573.638000000000468
573.752000000000468
573.883000000000468
574.169000000000468
574.243000000000468
574.517000000000469
574.564000000000469
628.067000000000516
628.489000000000516
628.589000000000517
628.943000000000517
629.089000000000517
629.105000000000517
629.428000000000517
630.044000000000518
630.173000000000518
630.237000000000518
630.317000000000518
630.418000000000518
630.477000000000518
630.542000000000518
630.789000000000519
630.917000000000519
631.047000000000519
631.175000000000519
631.417000000000519
631.527000000000519
631.739000000000519
632.15600000000052
632.97200000000052
633.261000000000521
633.363000000000521
633.748000000000521
633.851000000000521
633.975000000000521
634.054000000000522
634.140000000000522
634.287000000000522
634.373000000000522
634.464000000000522
635.740000000000523
635.877000000000523
635.973000000000523
636.393000000000524
636.507000000000524
636.645000000000524
636.788000000000524
637.135000000000524
683.561000000000565
684.356000000000566
684.714000000000566
689.608000000000571
690.094000000000571
690.251000000000571
690.478000000000572
691.048000000000572
691.098000000000572
691.306000000000572
691.495000000000572
691.693000000000573
691.810000000000573
691.946000000000573
692.020000000000573
692.197000000000573
692.702000000000574
692.816000000000574
692.862000000000574
693.193000000000574
693.929000000000575
694.049000000000575
694.339000000000575
694.602000000000575
694.784000000000575
694.980000000000576
695.174000000000576
695.470000000000576
695.692000000000576
695.804000000000576
696.076000000000577
696.384000000000577
696.844000000000577
843.558000000000708
844.264000000000708
844.535000000000708
870.731000000000732
870.819000000000732
871.036000000000732
871.140000000000732
871.259000000000732
871.538000000000732
871.643000000000732
871.840000000000733
872.135000000000733
872.923000000000734
873.249000000000734
873.519000000000734
873.551000000000734
874.072000000000735
874.320000000000735
875.003000000000736
974.385000000000824
974.550000000000824
975.268000000000824
975.313000000000825
975.562000000000825
991.825000000000839
992.16700000000084
992.31600000000084
1040.01000000000088
1040.61000000000088
1041.09000000000088
1041.95800000000088
1042.95800000000088
1241.02900000000106
1241.15100000000106
1242.03400000000106
1242.15300000000106
1242.27300000000106
1242.44400000000106
1243.30600000000106
1243.54400000000106
1243.64600000000106
1244.01800000000106
1244.11900000000106
1244.26900000000106
1247.74800000000107
1260.29900000000108
1260.55200000000108
1260.78800000000108
1261.10600000000108
1262.55400000000108
1262.75700000000108
1263.03500000000108
1263.18500000000108
1263.37800000000108
1263.59100000000108
1263.64800000000108
1263.90600000000108
1264.11000000000108
1264.27800000000108
1264.46400000000108
1264.61500000000108
1264.76700000000108
1264.97900000000108
1265.23700000000108
1265.34800000000108
1265.55200000000108
1266.46300000000108
1266.70000000000108
1266.86600000000108
1267.01100000000108
1267.20300000000108
1345.46400000000115
1345.57200000000115
1565.18500000000135
1566.09400000000135
1566.26000000000135
1566.36800000000135
1566.48400000000135
1566.60100000000135
1570.15100000000135
1571.22400000000135
1571.45700000000135
1571.78000000000135
1571.91700000000135
1572.11000000000135
1572.22000000000135
1572.33700000000135
1572.70600000000136
1572.77500000000136
1572.84100000000136
1572.91700000000136
1572.93500000000136
1572.99500000000136
1573.05700000000136
1573.08100000000136
1573.09900000000136
1573.18000000000136
1590.39200000000137
1590.60400000000137
1590.77300000000137
1590.90200000000137
1591.00600000000137
1591.10500000000137
1591.22300000000137
1591.34800000000137
1591.48700000000137
1591.60800000000137
1591.74200000000137
1591.91100000000137
1592.03200000000137
1592.18600000000137
1592.33300000000137
1592.48200000000137
1592.64900000000137
1592.81900000000137
1592.97000000000137
1593.12500000000137
1593.27100000000137
1593.41100000000137
1593.55900000000137
1593.70600000000137
1593.85200000000137
1594.04100000000137
1594.19800000000137
1594.82000000000137
1594.94700000000137
1594.97800000000137
1595.12200000000138
1595.29500000000138
1595.48000000000138
1595.62000000000138
1595.81500000000138
1595.98600000000138
1596.16100000000138
1596.34300000000138
1596.50800000000138
1596.59400000000138
1596.66400000000138
1596.80500000000138
1596.94800000000138
1597.09500000000138
1597.23500000000138
1597.38400000000138
1597.54600000000138
1597.71400000000138
1597.85600000000138
1598.32600000000138
1598.56400000000138
1598.70900000000138
1598.83100000000138
1598.89000000000138
1598.98900000000138
1599.06500000000138
1599.41900000000138
1599.78500000000138
1599.93700000000138
1600.07900000000138
1600.23500000000138
1600.40400000000138
1600.53600000000138
1600.61900000000138
1600.87900000000138
1600.96900000000138
1601.12400000000138
1601.29200000000138
1601.41100000000138
1601.50300000000138
1602.28900000000138
1602.71200000000138
1602.85800000000138
1602.98400000000138
1603.04200000000138
1603.23900000000138
1603.35700000000138
1603.68100000000138
1603.82900000000138
1603.90600000000138
1603.91400000000138
1604.08100000000138
1604.23900000000138
1606.27200000000138
1606.66700000000139
1607.25900000000139
1610.57000000000139
1610.68700000000139
1610.70100000000139
1618.7610000000014
1618.8710000000014
1620.0090000000014
1620.7680000000014
1621.1100000000014
1621.1240000000014
1641.58400000000142
1642.06500000000142
1642.29900000000142
1642.45800000000142
1649.19400000000142
1649.34100000000142
1649.77700000000142
1790.44000000000155
1790.56600000000155
1790.79000000000155
1790.94400000000155
1791.56500000000155
1791.67100000000155
1791.81200000000155
1791.95000000000155
1792.08900000000155
1792.23800000000155
1792.70500000000155
1797.58700000000155
1803.10600000000156
1803.23600000000156
1803.41100000000156
1803.60300000000156
1803.77800000000156
1803.96900000000156
1804.18300000000156
1804.38000000000156
1804.80000000000156
1804.97800000000156
1805.15100000000156
1805.32600000000156
1806.18200000000156
1981.25800000000172
1985.10500000000172
1986.33100000000172
1986.51700000000172
1987.10600000000172
2050.37500000000152
2050.96100000000145
2191.61499999998596
2191.85399999998593
2191.98099999998592
2192.11399999998591
2192.25199999998589
2192.39499999998587
2195.46999999998554
2202.99399999998471
2203.38299999998466
2203.57499999998464
3175.05799999987765
-2
4.54900000000000008
4.68700000000000008
4.82300000000000009
4.95800000000000009
5.10100000000000009
5.2460000000000001
5.3740000000000001
5.5250000000000001
5.92700000000000011
6.01800000000000011
6.15900000000000012
6.30200000000000012
6.43700000000000012
6.59100000000000012
6.88900000000000013
7.74500000000000015
8.02000000000000015
8.84000000000000017
9.53400000000000019
9.62800000000000019
9.76200000000000019
9.90200000000000019
10.0660000000000002
10.1980000000000002
10.3310000000000002
10.4640000000000002
10.59300000000000021
10.72800000000000021
10.86800000000000021
11.00500000000000022
11.14900000000000022
11.28700000000000022
11.42500000000000022
11.56400000000000023
11.70700000000000023
11.86500000000000023
12.00700000000000024
12.19200000000000024
12.34200000000000024
12.46300000000000025
12.60300000000000025
12.75300000000000025
12.90000000000000026
13.04200000000000026
13.18700000000000026
13.34100000000000026
13.49000000000000027
13.63700000000000027
13.78900000000000027
13.93400000000000028
14.08000000000000028
14.23700000000000028
14.53500000000000029
14.67600000000000029
14.8400000000000003
14.9850000000000003
15.0800000000000003
15.50600000000000031
15.65900000000000031
15.80300000000000032
15.95000000000000032
16.5629999999999998
16.7039999999999997
16.8479999999999996
17.0009999999999995
17.0389999999999994
17.1689999999999993
17.3929999999999991
17.4759999999999991
19.9929999999999969
20.1339999999999968
20.3459999999999966
20.4639999999999965
20.6769999999999964
20.8119999999999962
21.156999999999996
23.1349999999999943
25.821999999999992
25.9269999999999919
28.3869999999999898
28.5479999999999897
28.7059999999999896
28.8679999999999894
29.0809999999999892
29.1979999999999891
29.384999999999989
29.5779999999999888
29.7169999999999887
30.2399999999999883
30.2949999999999882
30.4569999999999881
38.4749999999999925
38.6129999999999926
38.7529999999999928
38.8989999999999929
39.047999999999993
39.1949999999999932
39.3279999999999933
39.4939999999999934
39.6479999999999936
39.7769999999999937
39.9279999999999938
40.0549999999999939
40.186999999999994
40.3219999999999942
66.5390000000000174
66.6510000000000176
66.7730000000000177
66.9000000000000178
67.155000000000018
67.2540000000000181
67.3830000000000182
67.5050000000000183
67.6320000000000184
67.7550000000000185
67.8890000000000186
68.0120000000000188
68.1390000000000189
68.265000000000019
68.3950000000000191
68.5340000000000192
68.6690000000000193
68.8090000000000195
68.9410000000000196
69.0720000000000197
69.2050000000000198
69.3430000000000199
69.4900000000000201
69.6220000000000202
69.7510000000000203
69.8890000000000204
70.0310000000000206
70.1920000000000207
70.3100000000000208
70.4380000000000209
70.581000000000021
70.7330000000000212
70.8910000000000213
71.0400000000000214
71.1920000000000216
71.3310000000000217
71.4550000000000218
71.5970000000000219
71.7530000000000221
71.7730000000000221
71.9490000000000223
72.0900000000000224
72.2450000000000225
72.3880000000000226
72.5310000000000228
72.6860000000000229
72.7250000000000229
72.8690000000000231
73.0230000000000232
73.1500000000000233
73.2790000000000234
73.4520000000000236
73.5930000000000237
73.7720000000000239
73.925000000000024
74.0790000000000242
74.2190000000000243
74.3600000000000244
74.5180000000000245
74.7860000000000248
75.1370000000000251
75.5550000000000255
75.6920000000000256
75.8300000000000257
75.9800000000000258
76.124000000000026
76.185000000000026
76.2970000000000261
76.4500000000000263
76.7410000000000265
77.335000000000027
77.4820000000000272
79.6560000000000291
79.6750000000000291
79.7800000000000292
79.9710000000000294
80.1230000000000295
86.0660000000000348
102.2100000000000491
102.3340000000000492
102.5240000000000494
102.6260000000000495
102.9370000000000498
103.0830000000000499
103.2860000000000501
103.7560000000000505
147.494000000000089
149.735000000000091
150.127000000000092
150.240000000000092
150.598000000000092
150.616000000000092
150.725000000000092
236.442000000000168
237.121000000000169
237.183000000000169
237.281000000000169
237.682000000000169
282.518000000000209
284.141000000000211
284.367000000000211
284.512000000000211
284.820000000000211
287.896000000000214
287.901000000000214
288.976000000000215
289.022000000000215
289.235000000000215
290.043000000000216
290.153000000000216
290.262000000000216
290.371000000000216
290.480000000000216
290.602000000000216
290.638000000000216
290.719000000000217
290.813000000000217
290.930000000000217
291.046000000000217
291.189000000000217
291.293000000000217
291.410000000000217
291.541000000000217
291.689000000000217
291.831000000000218
291.980000000000218
292.024000000000218
292.121000000000218
292.156000000000218
292.287000000000218
292.474000000000218
292.604000000000218
292.620000000000218
292.739000000000218
292.912000000000218
293.096000000000219
293.264000000000219
293.425000000000219
293.559000000000219
293.714000000000219
293.822000000000219
294.004000000000219
294.16400000000022
294.28800000000022
294.42400000000022
294.59600000000022
294.66100000000022
294.77300000000022
294.80400000000022
294.92800000000022
295.08400000000022
295.242000000000221
295.388000000000221
295.522000000000221
295.662000000000221
295.810000000000221
295.990000000000221
296.153000000000221
296.299000000000222
296.340000000000222
296.456000000000222
296.507000000000222
296.649000000000222
296.870000000000222
297.286000000000222
297.895000000000223
297.933000000000223
298.064000000000223
298.187000000000223
298.327000000000223
298.476000000000223
298.736000000000224
298.836000000000224
299.122000000000224
299.465000000000224
299.571000000000224
299.918000000000225
300.033000000000225
300.131000000000225
300.274000000000225
300.411000000000225
307.795000000000232
308.275000000000232
308.367000000000232
308.896000000000233
308.999000000000233
360.840000000000279
361.047000000000279
361.155000000000279
361.270000000000279
432.087000000000342
432.205000000000342
432.786000000000343
512.963000000000414
571.487000000000466
571.585000000000466
571.618000000000466
571.698000000000466
571.806000000000466
572.227000000000467
572.353000000000467
572.468000000000467
572.587000000000467
572.837000000000467
573.361000000000468
573.458000000000468
573.572000000000468
573.681000000000468
573.802000000000468
573.918000000000468
574.180000000000468
574.284000000000468
574.541000000000469
574.657000000000469
628.105000000000516
628.530000000000517
628.625000000000517
628.978000000000517
629.104000000000517
629.284000000000517
629.471000000000517
630.100000000000518
630.221000000000518
630.251000000000518
630.346000000000518
630.460000000000518
630.486000000000518
630.607000000000518
630.835000000000519
630.967000000000519
631.095000000000519
631.226000000000519
631.462000000000519
631.637000000000519
632.13900000000052
632.29000000000052
633.016000000000521
633.284000000000521
633.382000000000521
633.774000000000521
633.890000000000521
634.021000000000521
634.072000000000522
634.170000000000522
634.364000000000522
634.380000000000522
635.395000000000523
635.817000000000523
635.950000000000523
636.040000000000523
636.422000000000524
636.547000000000524
636.683000000000524
636.956000000000524
637.242000000000524
683.612000000000566
684.436000000000566
684.791000000000566
689.665000000000571
690.188000000000571
690.309000000000571
690.547000000000572
691.073000000000572
691.194000000000572
691.366000000000572
691.530000000000573
691.745000000000573
691.835000000000573
691.975000000000573
692.053000000000573
692.268000000000573
692.762000000000574
692.833000000000574
692.931000000000574
693.869000000000575
693.996000000000575
694.092000000000575
694.494000000000575
694.702000000000575
694.849000000000576
695.077000000000576
695.274000000000576
695.504000000000576
695.741000000000576
695.873000000000576
696.165000000000577
696.510000000000577
696.862000000000577
843.597000000000708
844.335000000000708
844.639000000000708
870.744000000000732
870.862000000000732
871.070000000000732
871.176000000000732
871.294000000000732
871.562000000000732
871.704000000000732
871.864000000000733
872.172000000000733
872.981000000000734
873.288000000000734
873.544000000000734
873.607000000000734
874.133000000000735
874.393000000000735
875.188000000000736
974.398000000000824
974.588000000000824
975.285000000000824
975.371000000000825
975.603000000000825
991.863000000000839
992.20900000000084
992.34400000000084
1040.06700000000088
1040.64200000000088
1041.11600000000088
1041.99600000000088
1043.02300000000088
1241.07500000000106
1241.20200000000106
1242.07300000000106
1242.18900000000106
1242.31600000000106
1242.47800000000106
1243.33600000000106
1243.57100000000106
1243.67800000000106
1244.05800000000106
1244.15200000000106
1244.28700000000106
1247.77500000000107
1260.34000000000108
1260.58500000000108
1260.83400000000108
1261.13400000000108
1262.65400000000108
1262.91900000000108
1263.11800000000108
1263.31000000000108
1263.46900000000108
1263.64600000000108
1263.65800000000108
1264.01000000000108
1264.16900000000108
1264.36900000000108
1264.53200000000108
1264.70500000000108
1264.85400000000108
1265.07900000000108
1265.25700000000108
1265.42600000000108
1265.61200000000108
1266.52100000000108
1266.80000000000108
1266.94200000000108
1267.11000000000108
1267.26900000000108
1345.49200000000115
1345.60800000000115
1565.22400000000135
1566.10200000000135
1566.29700000000135
1566.40900000000135
1566.52100000000135
1566.63700000000135
1570.19400000000135
1571.25200000000135
1571.50000000000135
1571.80300000000135
1571.93700000000135
1572.13800000000135
1572.25400000000135
1572.36400000000135
1572.73500000000136
1572.82200000000136
1572.89000000000136
1572.93000000000136
1572.95800000000136
1573.03100000000136
1573.07500000000136
1573.09600000000136
1573.11800000000136
1573.18500000000136
1590.41200000000137
1590.65700000000137
1590.78900000000137
1590.95200000000137
1591.03800000000137
1591.14500000000137
1591.27700000000137
1591.41400000000137
1591.53300000000137
1591.67100000000137
1591.82900000000137
1591.95900000000137
1592.15400000000137
1592.28600000000137
1592.44200000000137
1592.61700000000137
1592.73500000000137
1592.93500000000137
1593.03500000000137
1593.19300000000137
1593.34100000000137
1593.47700000000137
1593.61400000000137
1593.77100000000137
1593.93400000000137
1594.14100000000137
1594.74900000000137
1594.92300000000137
1594.96100000000137
1595.05900000000138
1595.22700000000138
1595.40200000000138
1595.53700000000138
1595.76600000000138
1595.96300000000138
1596.12100000000138
1596.32800000000138
1596.45800000000138
1596.58200000000138
1596.61700000000138
1596.73100000000138
1596.87600000000138
1597.01600000000138
1597.16200000000138
1597.30900000000138
1597.47000000000138
1597.59200000000138
1597.76900000000138
1597.92500000000138
1598.37400000000138
1598.61400000000138
1598.80300000000138
1598.84700000000138
1598.97900000000138
1599.01100000000138
1599.11500000000138
1599.44700000000138
1599.84200000000138
1599.99900000000138
1600.15600000000138
1600.30600000000138
1600.48200000000138
1600.61700000000138
1600.86300000000138
1600.92500000000138
1601.04700000000138
1601.20000000000138
1601.35800000000138
1601.47400000000138
1602.25000000000138
1602.32000000000138
1602.75000000000138
1602.89500000000138
1603.03200000000138
1603.08300000000138
1603.29500000000138
1603.40900000000138
1603.74000000000138
1603.87400000000138
1603.91300000000138
1604.01100000000138
1604.15000000000138
1606.16000000000138
1606.29300000000138
1606.72800000000139
1607.29100000000139
1610.61200000000139
1610.69800000000139
1610.79900000000139
1618.8130000000014
1618.9700000000014
1620.0270000000014
1620.8490000000014
1621.1220000000014
1621.1900000000014
1641.64200000000142
1642.10500000000142
1642.36700000000142
1642.54800000000142
1649.23100000000142
1649.38600000000142
1649.80600000000142
1790.47200000000155
1790.59900000000155
1790.81900000000155
1790.96400000000155
1791.59700000000155
1791.71100000000155
1791.86800000000155
1792.01000000000155
1792.16100000000155
1792.30400000000155
1792.72300000000155
1797.63200000000155
1803.14100000000156
1803.35600000000156
1803.47400000000156
1803.65600000000156
1803.86800000000156
1804.07200000000156
1804.27600000000156
1804.47800000000156
1804.87700000000156
1805.06100000000156
1805.21400000000156
1805.38900000000156
1806.21100000000156
1981.34700000000172
1985.13500000000172
1986.45000000000172
1986.61800000000172
1987.14600000000172
2050.39800000000151
2050.99000000000145
2191.62699999998596
2191.87499999998593
2192.02399999998592
2192.1589999999859
2192.30399999998588
2192.43099999998587
2195.51799999998553
2203.0879999999847
2203.42799999998466
2203.59099999998464
3175.14299999987764
0
-3
-4
0
0
0
0
0
3600
0
0
0
0
0
0
0
3600.00099999983085
0
0
0
0
0
0
