7
28
17
7
28
17
pcf1.02
perfusionday
0
1
8
14
09
9
14
44
22
4
.3
1
1846
1846
1
1
1
1
1
1
1
1
1
1
1
1
1
1
1
1
1
1
1
1
1
1
1
1845
-1
1.05100000000000001
1.23100000000000001
1.33400000000000002
1.45100000000000002
1.58200000000000002
1.69900000000000002
1.82100000000000003
1.95000000000000003
2.07100000000000003
2.20100000000000003
2.33000000000000004
2.44200000000000004
2.57500000000000004
2.70600000000000004
2.83200000000000005
2.98200000000000005
42.371999999999996
42.4979999999999961
42.5899999999999962
42.6489999999999962
42.7819999999999964
42.9629999999999965
43.1179999999999966
43.2579999999999968
43.3989999999999969
43.540999999999997
43.6859999999999972
43.8359999999999973
43.9949999999999974
44.1399999999999976
44.2829999999999977
44.4259999999999978
44.5629999999999979
44.7229999999999981
79.510000000000029
79.586000000000029
79.7020000000000291
80.8020000000000301
80.9350000000000302
81.0660000000000304
81.2260000000000305
81.3590000000000306
81.5100000000000307
81.6160000000000308
81.808000000000031
81.9170000000000311
82.0600000000000312
82.2080000000000314
82.3520000000000315
82.4900000000000316
82.6280000000000317
82.7600000000000319
82.901000000000032
83.0430000000000321
83.1890000000000322
83.3210000000000324
83.4530000000000325
83.5850000000000326
83.7360000000000327
83.8870000000000329
84.022000000000033
84.1540000000000331
84.2960000000000332
84.4450000000000334
84.6030000000000335
84.7410000000000336
84.8930000000000338
85.0160000000000339
85.158000000000034
85.3000000000000341
85.4560000000000342
85.6120000000000344
85.7610000000000345
85.9000000000000346
86.0370000000000348
86.1880000000000349
86.346000000000035
86.4960000000000352
86.6470000000000353
86.7970000000000354
86.9570000000000356
87.1200000000000357
87.2710000000000359
87.421000000000036
87.5730000000000361
87.7360000000000363
87.8800000000000364
88.0390000000000366
88.1900000000000367
88.3520000000000368
88.508000000000037
88.9430000000000374
89.0590000000000375
89.2280000000000376
89.3930000000000378
89.5480000000000379
89.706000000000038
89.8500000000000382
89.9970000000000383
90.1270000000000384
90.2870000000000385
90.4450000000000387
90.6010000000000388
90.774000000000039
90.9150000000000391
91.0570000000000392
91.2040000000000394
91.3440000000000395
91.4850000000000396
91.6710000000000398
91.8320000000000399
92.0200000000000401
92.1710000000000402
92.3180000000000404
92.4640000000000405
92.6110000000000406
92.7690000000000408
93.2130000000000411
93.3460000000000413
114.8720000000000604
114.9680000000000605
115.0990000000000606
115.2270000000000607
115.3520000000000608
115.4850000000000609
115.624000000000061
115.7570000000000612
115.9000000000000613
116.0220000000000614
116.1460000000000615
116.2910000000000616
155.988000000000097
156.112000000000097
156.259000000000097
156.400000000000097
156.551000000000097
156.693000000000098
156.838000000000098
156.971000000000098
157.118000000000098
157.258000000000098
157.403000000000098
157.470000000000098
157.554000000000098
157.698000000000098
157.968000000000099
158.103000000000099
158.274000000000099
158.414000000000099
158.545000000000099
158.677000000000099
158.820000000000099
158.9710000000001
159.1040000000001
159.2330000000001
159.2580000000001
159.3780000000001
159.4120000000001
159.5590000000001
159.6870000000001
159.8390000000001
159.9830000000001
160.129000000000101
160.285000000000101
160.443000000000101
160.607000000000101
160.713000000000101
160.854000000000101
161.011000000000101
161.155000000000101
161.222000000000102
161.456000000000102
161.606000000000102
161.762000000000102
161.907000000000102
162.046000000000102
162.187000000000102
162.350000000000103
162.743000000000103
162.903000000000103
163.067000000000103
163.217000000000103
163.362000000000103
163.503000000000104
163.632000000000104
163.800000000000104
163.953000000000104
164.095000000000104
164.236000000000104
164.380000000000104
164.524000000000104
164.663000000000105
164.678000000000105
164.847000000000105
165.010000000000105
165.153000000000105
165.287000000000105
165.433000000000105
165.576000000000105
165.718000000000106
165.881000000000106
166.317000000000106
166.448000000000106
166.613000000000106
166.788000000000106
166.939000000000107
167.075000000000107
167.205000000000107
167.354000000000107
167.506000000000107
167.665000000000107
167.818000000000107
167.975000000000108
168.139000000000108
168.302000000000108
168.454000000000108
168.603000000000108
168.765000000000108
168.918000000000108
169.099000000000109
169.309000000000109
173.835000000000113
173.950000000000113
174.100000000000113
174.261000000000113
174.407000000000113
176.643000000000115
176.783000000000115
176.950000000000116
177.105000000000116
177.249000000000116
177.533000000000116
177.623000000000116
177.691000000000116
177.881000000000116
178.370000000000117
178.501000000000117
185.638000000000123
185.785000000000123
186.046000000000124
186.147000000000124
186.524000000000124
186.799000000000124
186.922000000000124
187.074000000000125
187.179000000000125
187.230000000000125
187.346000000000125
187.549000000000125
187.691000000000125
187.841000000000125
187.957000000000125
188.162000000000125
188.308000000000126
188.451000000000126
188.617000000000126
189.182000000000126
189.270000000000126
189.495000000000127
189.607000000000127
189.652000000000127
189.807000000000127
189.948000000000127
190.053000000000127
190.235000000000127
190.415000000000127
191.389000000000128
192.452000000000129
192.584000000000129
192.73400000000013
192.89600000000013
193.03200000000013
193.20500000000013
193.34200000000013
193.36300000000013
193.51700000000013
193.66300000000013
193.80600000000013
193.958000000000131
194.112000000000131
194.270000000000131
194.941000000000132
195.104000000000132
195.344000000000132
195.644000000000132
195.785000000000132
195.932000000000132
198.474000000000135
198.604000000000135
198.754000000000135
198.895000000000135
199.045000000000135
199.205000000000135
199.357000000000135
199.500000000000136
199.660000000000136
199.782000000000136
199.943000000000136
200.090000000000136
200.244000000000136
200.401000000000136
200.556000000000136
200.718000000000137
200.869000000000137
201.022000000000137
201.170000000000137
201.325000000000137
201.467000000000137
201.641000000000137
201.797000000000138
201.945000000000138
202.096000000000138
202.251000000000138
202.405000000000138
202.559000000000138
321.354000000000244
321.472000000000244
321.732000000000244
321.845000000000244
321.984000000000244
322.113000000000244
322.257000000000245
322.398000000000245
322.529000000000245
322.656000000000245
322.787000000000245
322.930000000000245
323.067000000000245
323.195000000000245
323.334000000000246
323.401000000000246
323.474000000000246
323.619000000000246
323.749000000000246
323.874000000000246
324.015000000000246
324.085000000000246
324.151000000000246
324.294000000000246
324.364000000000246
324.434000000000246
324.565000000000247
324.706000000000247
324.841000000000247
324.918000000000247
324.985000000000247
325.136000000000247
325.198000000000247
325.274000000000247
325.423000000000247
325.580000000000248
325.735000000000248
325.802000000000248
325.878000000000248
325.961000000000248
326.029000000000248
326.183000000000248
326.273000000000248
326.343000000000248
326.493000000000248
326.712000000000249
326.762000000000249
326.827000000000249
326.975000000000249
327.112000000000249
327.263000000000249
327.416000000000249
327.556000000000249
327.692000000000249
327.83400000000025
327.98000000000025
328.11500000000025
328.26700000000025
328.42600000000025
328.59900000000025
328.73500000000025
328.87500000000025
329.035000000000251
329.171000000000251
329.297000000000251
329.428000000000251
329.573000000000251
329.734000000000251
329.886000000000251
330.058000000000252
330.224000000000252
330.388000000000252
330.536000000000252
331.338000000000253
331.455000000000253
331.587000000000253
331.724000000000253
332.217000000000253
332.387000000000254
332.559000000000254
332.714000000000254
332.855000000000254
333.004000000000254
333.151000000000254
333.222000000000254
333.297000000000254
336.906000000000258
337.062000000000258
337.226000000000258
337.396000000000258
337.549000000000258
337.628000000000258
337.866000000000258
338.011000000000259
338.183000000000259
338.340000000000259
338.479000000000259
338.618000000000259
338.771000000000259
338.907000000000259
339.40200000000026
339.56500000000026
339.81500000000026
339.92200000000026
339.98200000000026
354.769000000000273
354.835000000000274
354.880000000000274
355.033000000000274
355.175000000000274
355.328000000000274
355.477000000000274
355.621000000000274
355.772000000000274
355.939000000000274
356.098000000000275
356.266000000000275
356.420000000000275
356.564000000000275
356.716000000000275
356.871000000000275
357.021000000000275
357.163000000000276
357.307000000000276
357.455000000000276
357.593000000000276
357.738000000000276
357.895000000000276
358.044000000000276
358.190000000000276
358.330000000000277
358.478000000000277
358.613000000000277
358.776000000000277
358.925000000000277
359.079000000000277
359.226000000000277
359.373000000000278
359.521000000000278
359.664000000000278
359.793000000000278
359.978000000000278
360.265000000000278
360.654000000000279
360.798000000000279
360.948000000000279
361.102000000000279
361.252000000000279
361.390000000000279
361.530000000000279
361.67000000000028
361.80800000000028
361.95800000000028
362.11100000000028
362.25600000000028
362.39800000000028
362.54300000000028
362.70000000000028
362.870000000000281
363.017000000000281
363.577000000000281
363.718000000000281
363.890000000000282
364.042000000000282
364.187000000000282
364.335000000000282
364.480000000000282
364.608000000000282
364.793000000000282
365.241000000000283
365.393000000000283
365.542000000000283
365.695000000000283
365.853000000000283
366.000000000000283
366.149000000000284
369.500000000000287
369.621000000000287
369.767000000000287
369.919000000000287
370.054000000000287
370.204000000000287
370.351000000000287
370.511000000000287
370.645000000000288
370.974000000000288
371.110000000000288
371.254000000000288
371.416000000000288
371.583000000000288
371.735000000000288
371.881000000000289
372.028000000000289
372.171000000000289
372.317000000000289
372.478000000000289
372.646000000000289
372.792000000000289
372.94600000000029
373.09800000000029
373.24800000000029
373.49500000000029
373.68000000000029
373.84100000000029
374.00300000000029
374.091000000000291
374.167000000000291
374.260000000000291
374.324000000000291
374.819000000000291
374.907000000000291
374.982000000000291
389.767000000000304
389.897000000000305
390.029000000000305
390.207000000000305
390.362000000000305
390.489000000000305
390.623000000000305
390.775000000000305
390.931000000000306
391.248000000000306
391.385000000000306
391.539000000000306
391.680000000000306
404.919000000000318
405.035000000000318
405.176000000000318
405.312000000000318
405.442000000000318
405.874000000000319
405.983000000000319
406.127000000000319
406.276000000000319
406.423000000000319
406.544000000000319
406.68800000000032
406.82600000000032
407.34300000000032
407.49000000000032
407.63400000000032
407.77600000000032
407.911000000000321
408.052000000000321
408.702000000000321
409.088000000000322
409.220000000000322
409.379000000000322
409.516000000000322
409.783000000000322
409.925000000000322
417.463000000000329
417.587000000000329
417.715000000000329
417.863000000000329
418.01600000000033
418.12500000000033
418.26900000000033
418.53200000000033
418.68400000000033
418.83400000000033
419.00600000000033
419.170000000000331
419.301000000000331
419.454000000000331
419.973000000000331
420.129000000000331
420.281000000000332
420.431000000000332
420.581000000000332
420.733000000000332
420.866000000000332
454.958000000000362
455.061000000000363
455.186000000000363
455.317000000000363
455.447000000000363
455.694000000000363
455.818000000000363
455.953000000000363
456.092000000000363
456.642000000000364
456.759000000000364
456.883000000000364
457.008000000000364
457.130000000000364
457.252000000000364
457.377000000000365
457.520000000000365
457.632000000000365
457.783000000000365
457.943000000000365
458.086000000000365
458.145000000000365
458.218000000000365
459.919000000000367
460.007000000000367
460.115000000000367
460.261000000000367
460.392000000000367
460.531000000000367
460.669000000000368
460.808000000000368
460.937000000000368
461.077000000000368
461.356000000000368
461.498000000000368
461.643000000000368
461.792000000000368
463.65800000000037
463.80200000000037
463.93700000000037
464.086000000000371
464.236000000000371
464.394000000000371
464.538000000000371
464.748000000000371
464.897000000000371
465.105000000000371
465.239000000000372
688.42800000000057
688.53300000000057
688.65700000000057
688.78400000000057
688.90600000000057
689.04900000000057
689.16900000000057
689.301000000000571
689.431000000000571
689.566000000000571
689.691000000000571
689.818000000000571
689.955000000000571
690.104000000000571
690.229000000000571
690.282000000000571
690.355000000000572
690.495000000000572
690.639000000000572
690.783000000000572
690.915000000000572
691.068000000000572
691.190000000000572
691.317000000000572
691.384000000000572
691.460000000000572
691.610000000000573
691.736000000000573
691.860000000000573
691.991000000000573
692.129000000000573
692.269000000000573
692.405000000000573
692.537000000000573
692.666000000000574
692.801000000000574
692.940000000000574
693.090000000000574
693.223000000000574
693.396000000000574
693.534000000000574
693.596000000000574
693.668000000000574
693.801000000000575
693.933000000000575
694.070000000000575
694.205000000000575
694.486000000000575
694.622000000000575
694.760000000000575
695.209000000000576
695.292000000000576
695.374000000000576
695.456000000000576
695.535000000000576
695.679000000000576
695.822000000000576
695.963000000000576
696.116000000000577
696.250000000000577
696.533000000000577
696.616000000000577
696.684000000000577
696.766000000000577
696.831000000000577
696.983000000000577
697.142000000000578
697.291000000000578
697.448000000000578
697.601000000000578
697.744000000000578
697.885000000000578
698.034000000000578
698.193000000000578
698.349000000000579
698.490000000000579
698.627000000000579
698.765000000000579
698.907000000000579
699.065000000000579
699.223000000000579
699.39000000000058
699.53600000000058
700.12700000000058
700.28000000000058
700.839000000000581
701.439000000000581
701.483000000000581
701.640000000000582
701.802000000000582
701.956000000000582
702.102000000000582
702.251000000000582
702.392000000000582
702.524000000000582
702.662000000000582
702.816000000000583
702.972000000000583
703.114000000000583
703.295000000000583
703.437000000000583
703.566000000000583
703.703000000000583
703.806000000000583
703.868000000000584
704.039000000000584
704.203000000000584
706.925000000000586
707.247000000000586
707.689000000000587
708.685000000000588
708.827000000000588
708.978000000000588
709.130000000000588
709.301000000000588
709.454000000000588
709.608000000000589
709.746000000000589
709.906000000000589
710.041000000000589
710.174000000000589
710.313000000000589
710.469000000000589
710.62900000000059
710.97300000000059
711.65100000000059
711.81100000000059
711.977000000000591
712.136000000000591
713.863000000000592
713.974000000000592
714.112000000000593
714.277000000000593
714.442000000000593
714.594000000000593
714.682000000000593
714.764000000000593
714.931000000000593
739.433000000000615
739.555000000000615
739.683000000000615
739.814000000000615
740.056000000000616
740.193000000000616
740.330000000000616
740.465000000000616
740.758000000000616
740.872000000000616
741.008000000000616
741.139000000000617
741.273000000000617
741.440000000000617
750.435000000000625
750.540000000000625
750.671000000000625
750.810000000000625
750.940000000000625
751.069000000000625
751.206000000000626
751.334000000000626
751.468000000000626
751.607000000000626
751.753000000000626
751.910000000000626
752.045000000000626
752.175000000000626
752.311000000000626
752.454000000000627
752.599000000000627
752.755000000000627
752.909000000000627
753.042000000000627
753.174000000000627
753.456000000000628
753.606000000000628
754.345000000000628
755.645000000000629
755.81700000000063
758.254000000000632
760.074000000000633
761.905000000000635
762.033000000000635
762.513000000000636
762.655000000000636
764.936000000000638
765.269000000000638
765.347000000000638
765.422000000000638
765.566000000000638
767.08800000000064
767.61900000000064
767.77600000000064
767.93600000000064
768.07100000000064
768.09700000000064
768.252000000000641
768.409000000000641
768.554000000000641
768.703000000000641
768.886000000000641
769.709000000000642
769.811000000000642
769.987000000000642
770.145000000000642
770.281000000000642
770.422000000000643
770.568000000000643
770.705000000000643
770.843000000000643
771.113000000000643
771.258000000000643
771.403000000000644
771.569000000000644
771.705000000000644
771.843000000000644
771.857000000000644
772.000000000000644
772.142000000000644
772.293000000000644
772.454000000000644
772.598000000000644
772.742000000000645
772.890000000000645
773.206000000000645
773.303000000000645
773.462000000000645
773.619000000000645
773.767000000000646
773.924000000000646
774.068000000000646
774.224000000000646
774.384000000000646
774.462000000000646
774.532000000000646
774.615000000000646
774.683000000000646
774.778000000000646
774.849000000000646
775.004000000000647
775.153000000000647
777.943000000000649
778.097000000000649
778.25600000000065
778.40900000000065
778.56100000000065
779.758000000000651
780.199000000000651
780.321000000000651
780.482000000000652
780.639000000000652
780.719000000000652
780.790000000000652
780.935000000000652
784.839000000000655
784.966000000000656
785.111000000000656
785.247000000000656
785.396000000000656
785.700000000000656
785.826000000000656
786.090000000000656
786.231000000000657
786.381000000000657
786.649000000000657
786.795000000000657
786.954000000000657
787.100000000000657
787.249000000000658
790.46600000000066
790.58500000000066
790.724000000000661
790.852000000000661
790.992000000000661
902.80600000000076
902.91200000000076
903.04000000000076
903.17600000000076
903.299000000000761
903.424000000000761
903.551000000000761
903.680000000000761
903.811000000000761
903.936000000000761
904.059000000000761
904.203000000000761
904.354000000000762
904.497000000000762
904.629000000000762
904.749000000000762
904.809000000000762
904.879000000000762
905.004000000000762
905.128000000000762
905.256000000000762
905.389000000000762
905.523000000000763
905.666000000000763
905.812000000000763
906.477000000000763
906.606000000000764
906.750000000000764
906.891000000000764
907.030000000000764
907.157000000000764
907.601000000000764
907.735000000000764
907.872000000000765
908.002000000000765
908.146000000000765
908.292000000000765
908.441000000000765
908.586000000000765
908.728000000000765
908.809000000000766
908.880000000000766
909.033000000000766
909.182000000000766
909.254000000000766
909.329000000000766
909.486000000000766
909.623000000000766
909.757000000000766
909.828000000000766
909.895000000000766
910.054000000000767
910.145000000000767
910.219000000000767
910.394000000000767
910.531000000000767
910.668000000000767
910.746000000000767
910.817000000000767
910.965000000000767
911.125000000000768
911.353000000000768
911.455000000000768
911.513000000000768
911.673000000000768
911.828000000000768
911.981000000000768
912.135000000000768
912.271000000000769
912.406000000000769
912.548000000000769
912.700000000000769
912.850000000000769
912.984000000000769
914.46800000000077
914.607000000000771
914.761000000000771
914.894000000000771
915.193000000000771
915.334000000000771
915.493000000000771
915.621000000000772
915.744000000000772
915.876000000000772
915.902000000000772
916.082000000000772
916.200000000000772
916.260000000000772
916.424000000000772
916.595000000000772
916.739000000000773
916.876000000000773
917.017000000000773
917.167000000000773
917.339000000000773
917.475000000000773
917.531000000000773
917.604000000000773
917.746000000000773
917.905000000000774
918.061000000000774
918.204000000000774
918.345000000000774
918.480000000000774
918.611000000000774
918.759000000000774
918.913000000000774
919.051000000000775
919.235000000000775
919.375000000000775
919.514000000000775
919.665000000000775
919.814000000000775
919.962000000000775
920.117000000000776
920.258000000000776
920.379000000000776
920.534000000000776
920.680000000000776
920.850000000000776
921.602000000000777
921.749000000000777
921.902000000000777
922.066000000000777
922.216000000000777
922.524000000000778
922.646000000000778
922.801000000000778
922.955000000000778
923.107000000000778
923.277000000000778
923.427000000000778
923.578000000000779
923.735000000000779
924.316000000000779
924.465000000000779
924.59600000000078
924.75500000000078
924.95000000000078
925.13600000000078
925.28700000000078
925.66900000000078
925.917000000000781
926.064000000000781
926.212000000000781
926.356000000000781
926.500000000000781
926.653000000000781
926.744000000000781
926.817000000000782
926.896000000000782
926.977000000000782
927.119000000000782
927.284000000000782
927.366000000000782
927.459000000000782
927.750000000000782
927.885000000000782
927.958000000000782
928.030000000000783
928.189000000000783
928.694000000000783
928.976000000000783
929.289000000000784
929.433000000000784
930.240000000000785
930.378000000000785
930.522000000000785
930.595000000000785
930.678000000000785
930.819000000000785
930.989000000000785
931.053000000000785
931.129000000000785
931.258000000000785
931.425000000000786
935.572000000000789
935.661000000000789
935.785000000000789
935.93200000000079
936.08100000000079
939.424000000000793
939.555000000000793
939.691000000000793
939.835000000000793
939.967000000000793
940.105000000000793
940.262000000000793
940.404000000000794
940.816000000000794
940.975000000000794
941.142000000000794
941.210000000000794
941.285000000000794
941.722000000000795
941.877000000000795
942.029000000000795
942.194000000000795
942.322000000000795
942.509000000000795
942.604000000000796
942.675000000000796
942.845000000000796
942.917000000000796
942.999000000000796
959.27200000000081
959.37400000000081
959.52500000000081
959.665000000000811
959.808000000000811
1275.15800000000109
1275.26500000000109
1275.40100000000109
1275.53100000000109
1275.65700000000109
1275.78400000000109
1275.91800000000109
1276.04600000000109
1276.17300000000109
1276.30600000000109
1276.43300000000109
1276.57100000000109
1276.70800000000109
1276.85000000000109
1276.99000000000109
1277.12900000000109
1277.20200000000109
1277.26900000000109
1277.40500000000109
1277.53300000000109
1277.66800000000109
1277.80900000000109
1277.94200000000109
1278.09200000000109
1278.24500000000109
1278.37500000000109
1278.51000000000109
1278.64600000000109
1278.72300000000109
1278.79700000000109
1278.96500000000109
1279.10800000000109
1279.24200000000109
1279.30400000000109
1279.38000000000109
1279.44800000000109
1279.54500000000109
1279.67200000000109
1279.81000000000109
1279.9430000000011
1280.0270000000011
1280.0900000000011
1280.1620000000011
1280.2310000000011
1280.3760000000011
1280.5220000000011
1280.6120000000011
1280.6780000000011
1280.8320000000011
1280.9710000000011
1281.1040000000011
1281.2630000000011
1281.4120000000011
1281.4700000000011
1281.5480000000011
1281.6140000000011
1281.6940000000011
1281.8560000000011
1282.0030000000011
1282.1440000000011
1282.2900000000011
1282.4360000000011
1282.5810000000011
1282.7440000000011
1282.9030000000011
1283.0560000000011
1283.2090000000011
1283.2830000000011
1283.3770000000011
1283.5260000000011
1283.6650000000011
1283.8140000000011
1283.9670000000011
1284.0480000000011
1284.1250000000011
1284.2690000000011
1284.4190000000011
1284.4950000000011
1284.5660000000011
1284.7140000000011
1284.9230000000011
1285.0780000000011
1285.1520000000011
1285.2340000000011
1285.3050000000011
1285.4650000000011
1285.6250000000011
1285.6830000000011
1285.7650000000011
1285.8980000000011
1286.0440000000011
1286.1290000000011
1286.2060000000011
1286.3080000000011
1286.3780000000011
1286.5800000000011
1286.7240000000011
1286.8600000000011
1287.0010000000011
1287.1710000000011
1287.3220000000011
1287.4660000000011
1287.6150000000011
1287.7710000000011
1287.9080000000011
1288.0520000000011
1288.1300000000011
1288.2020000000011
1288.3510000000011
1288.6970000000011
1288.8460000000011
1288.9770000000011
1289.1200000000011
1289.2800000000011
1289.3560000000011
1289.4280000000011
1289.5150000000011
1289.6080000000011
1289.7500000000011
1289.8860000000011
1290.1900000000011
1290.2700000000011
1290.3460000000011
1290.4970000000011
1290.5820000000011
1290.6560000000011
1290.8020000000011
1290.8790000000011
1291.1080000000011
1291.27400000000111
1291.46500000000111
1291.53800000000111
1291.61400000000111
1291.75000000000111
1291.89400000000111
1292.03700000000111
1292.18800000000111
1292.32300000000111
1292.48500000000111
1293.24000000000111
1293.31400000000111
1293.37000000000111
1293.53700000000111
1293.68900000000111
1293.82100000000111
1293.97100000000111
1294.11600000000111
1294.26700000000111
1294.41500000000111
1294.57700000000111
1294.71700000000111
1294.85400000000111
1295.00800000000111
1295.17100000000111
1295.33600000000111
1295.51400000000111
1295.61500000000111
1295.68500000000111
1295.77800000000111
1295.85800000000111
1296.01500000000111
1296.17100000000111
1296.32000000000111
1296.46500000000111
1296.94500000000111
1297.89800000000111
1298.03800000000111
1298.10600000000111
1298.18000000000111
1298.25800000000111
1298.50400000000111
1298.68500000000111
1298.80300000000111
1298.82600000000111
1298.87800000000111
1299.04700000000111
1299.11400000000111
1299.19800000000111
1299.36000000000111
1299.52200000000111
1299.61300000000111
1299.67500000000111
1299.75700000000111
1299.86000000000111
1300.02400000000111
1300.17000000000111
1300.31600000000111
1300.46400000000111
1300.70100000000111
1300.89200000000111
1300.96600000000111
1301.03900000000111
1301.12100000000111
1301.20900000000111
1301.36000000000111
1301.49700000000111
1301.80900000000111
1301.96900000000111
1302.11300000000111
1302.29500000000111
1302.39000000000112
1302.70400000000112
1302.78200000000112
1302.84900000000112
1303.08200000000112
1303.16900000000112
1303.40800000000112
1303.48800000000112
1303.60600000000112
1303.85100000000112
1304.01500000000112
1304.15000000000112
1304.29800000000112
1304.46100000000112
1304.61800000000112
1304.72300000000112
1304.76700000000112
1304.93100000000112
1305.11000000000112
1305.80200000000112
1305.90000000000112
1308.67700000000112
1309.42000000000112
1309.49200000000112
1309.56100000000112
1309.72200000000112
1309.88800000000112
1310.04200000000112
1310.18300000000112
1310.32100000000112
1310.47500000000112
1310.63500000000112
1311.00800000000112
1311.16200000000112
1311.29600000000112
1311.44600000000112
1311.74100000000112
1311.89400000000112
1312.02900000000112
1312.17000000000112
1326.57100000000114
1326.69500000000114
1326.83300000000114
1326.96800000000114
1327.10800000000114
1327.24500000000114
1327.49100000000114
1327.81900000000114
1327.95900000000114
1328.10700000000114
1329.43500000000114
1329.56200000000114
1329.70600000000114
1329.84800000000114
1329.99500000000114
1330.12600000000114
1330.26100000000114
1330.39900000000114
1330.52900000000114
1330.68000000000114
1330.82100000000114
1330.96700000000114
1331.11100000000114
1331.25700000000114
1331.83200000000114
1331.96900000000114
1332.11600000000114
1332.25800000000114
1332.39800000000114
1332.53900000000114
1332.68100000000114
1332.82500000000114
1332.96800000000114
1333.12700000000114
1333.33400000000114
1333.46200000000114
1333.61300000000114
1333.75400000000114
1333.90600000000114
1334.05600000000114
1334.21000000000114
1334.35700000000114
1334.50700000000114
1334.65800000000114
1334.79700000000114
1334.94000000000114
1335.08800000000114
1335.23200000000114
1335.37800000000114
1335.51400000000114
1335.67300000000114
1335.82900000000114
1335.97700000000114
1336.11700000000114
1336.26900000000115
1336.43800000000115
1336.92500000000115
1337.30400000000115
1337.38000000000115
1337.52600000000115
1337.66700000000115
1338.17500000000115
1338.24100000000115
1338.31400000000115
1338.81800000000115
1339.30400000000115
1339.44500000000115
1339.52600000000115
1339.60000000000115
1339.76000000000115
1339.93000000000115
1340.07200000000115
1340.82100000000115
1340.91200000000115
1340.96600000000115
1341.12300000000115
1341.24700000000115
1341.27800000000115
1341.43000000000115
1341.58500000000115
1341.75300000000115
1342.30800000000115
1342.45200000000115
1342.57600000000115
1342.60400000000115
1342.75100000000115
1342.89000000000115
1343.02600000000115
1343.16700000000115
1343.18100000000115
1343.32800000000115
1343.47400000000115
1343.62600000000115
1343.84500000000115
1343.98400000000115
1344.12300000000115
1344.27900000000115
1344.42100000000115
1344.58200000000115
1344.72200000000115
1344.85900000000115
1345.28800000000115
1345.43800000000115
1345.60700000000115
1359.68400000000117
1360.00400000000117
1360.14500000000117
1360.69600000000117
1360.85000000000117
1360.97900000000117
1361.01500000000117
1361.30300000000117
1361.44600000000117
1361.59000000000117
1361.72400000000117
1361.87400000000117
1362.03000000000117
1362.17900000000117
1362.37300000000117
1362.49900000000117
1362.65100000000117
1362.80000000000117
1362.96100000000117
1363.42800000000117
1363.56200000000117
1363.66400000000117
1363.78500000000117
1363.92700000000117
1364.04500000000117
1364.09800000000117
1364.21100000000117
1364.26900000000117
1364.35100000000117
1364.43400000000117
1364.59400000000117
1364.68900000000117
1364.77800000000117
1364.86900000000117
1364.95100000000117
1365.17400000000117
1365.34100000000117
1365.50100000000117
1365.85300000000117
1366.14100000000117
1366.28400000000117
1366.45000000000117
1366.61800000000117
1366.76800000000117
1366.92400000000117
1367.07600000000117
1367.21200000000117
1367.36400000000117
1367.53700000000117
1367.67600000000117
1367.80600000000117
1368.21300000000117
1368.37400000000117
1368.52400000000117
1368.80700000000117
1368.94100000000117
1369.08100000000117
1369.22600000000117
1369.30000000000117
1369.39500000000117
1369.48100000000117
1369.58400000000117
1369.73700000000117
1369.87500000000117
1370.02100000000118
1370.09900000000118
1370.17700000000118
1370.48600000000118
1370.64600000000118
1370.72200000000118
1370.82500000000118
1370.90200000000118
1371.00500000000118
1371.07800000000118
1371.15800000000118
1371.23700000000118
1373.36600000000118
1373.52500000000118
1373.67200000000118
1374.13800000000118
1374.28600000000118
1374.43400000000118
1374.58800000000118
1374.74900000000118
1374.89500000000118
1375.07900000000118
1375.54200000000118
1375.67600000000118
1375.83200000000118
1375.98400000000118
1376.12700000000118
1376.29200000000118
1376.45400000000118
1376.54600000000118
1376.62300000000118
1376.78300000000118
1377.26200000000118
1377.54600000000118
1377.71800000000118
1377.77800000000118
1377.85200000000118
1377.98700000000118
1379.08300000000118
1379.23500000000118
1379.49700000000118
1390.87800000000119
1390.99400000000119
1391.14300000000119
1391.28000000000119
1391.41600000000119
1391.55600000000119
1464.52300000000126
1464.80300000000126
1464.92300000000126
1465.05700000000126
1465.18100000000126
1465.31200000000126
1465.44400000000126
1465.57200000000126
1465.70800000000126
1465.84300000000126
1465.98200000000126
1466.11700000000126
1466.26400000000126
1466.41700000000126
1466.53900000000126
1466.67900000000126
1466.82200000000126
1466.94400000000126
1467.06700000000126
1467.21100000000126
1467.35000000000126
1467.48300000000126
1467.61700000000126
1467.75100000000126
1467.89400000000126
1468.02200000000126
1468.15000000000126
1468.28300000000126
1468.41900000000126
1468.54700000000126
1468.68600000000126
1468.82200000000126
1468.97300000000126
1469.11100000000126
1469.23700000000126
1469.38200000000126
1469.52400000000126
1469.65400000000126
1470.41300000000126
1470.55300000000126
1470.62500000000126
1470.70200000000126
1470.83200000000126
1470.96200000000126
1471.05100000000126
1471.11200000000126
1471.21500000000126
1471.30200000000126
1471.45400000000127
1471.58100000000127
1471.65400000000127
1471.72200000000127
1471.78800000000127
1471.86700000000127
1471.94300000000127
1472.01200000000127
1472.17700000000127
1472.26200000000127
1472.33900000000127
1472.51400000000127
1472.64500000000127
1472.78100000000127
1476.88000000000127
1477.00800000000127
1477.15600000000127
1477.29100000000127
1477.42200000000127
1559.88100000000134
1559.98900000000134
1560.28300000000134
1560.39700000000134
1560.53300000000134
1560.67400000000134
1560.80300000000134
1560.95100000000134
1561.08500000000134
1561.22300000000134
1561.34800000000134
1561.46700000000135
1561.60800000000135
1561.75900000000135
1561.90300000000135
1562.06200000000135
1562.21800000000135
1563.76800000000135
1563.90200000000135
1564.04500000000135
1564.16800000000135
1564.28700000000135
1564.41900000000135
1564.55000000000135
1564.70100000000135
1564.86000000000135
1565.01100000000135
1565.13800000000135
1565.27400000000135
1565.43400000000135
1565.58900000000135
1565.73900000000135
1565.81900000000135
1565.88900000000135
1565.98100000000135
1566.06000000000135
1566.12800000000135
1566.20400000000135
1566.33500000000135
1566.47200000000135
1566.61200000000135
1566.69000000000135
1566.77900000000135
1566.85000000000135
1566.92300000000135
1567.00800000000135
1567.07700000000135
1567.17600000000135
1567.24900000000135
1567.33500000000135
1567.41400000000135
1567.49800000000135
1567.57600000000135
1567.65900000000135
1567.74600000000135
1567.87800000000135
1568.01600000000135
1568.09700000000135
1568.17700000000135
1568.33800000000135
1568.48900000000135
1568.62800000000135
1568.77600000000135
1568.93800000000135
1569.03100000000135
1569.09600000000135
1569.18800000000135
1569.25700000000135
1569.34000000000135
1569.42100000000135
1569.49800000000135
1569.58100000000135
1569.72300000000135
1569.85900000000135
1569.92700000000135
1570.09200000000135
1570.17400000000135
1570.32500000000135
1571.01000000000135
1571.16700000000135
1571.32500000000135
1571.52100000000135
1571.65300000000135
1571.80500000000135
1571.94600000000135
1572.01200000000135
1572.09100000000135
1572.26200000000135
1572.33200000000135
1572.41400000000135
1572.54500000000136
1572.62400000000136
1572.71100000000136
1572.85200000000136
1572.99500000000136
1573.29600000000136
1573.45900000000136
1573.62200000000136
1573.68400000000136
1573.77200000000136
1573.90700000000136
1574.05700000000136
1574.65600000000136
1574.81600000000136
1574.89200000000136
1574.96600000000136
1575.10600000000136
1575.17600000000136
1575.26000000000136
1575.42100000000136
1575.56100000000136
1575.70500000000136
1575.85700000000136
1576.00800000000136
1576.07400000000136
1576.15200000000136
1576.29400000000136
1576.44300000000136
1576.60000000000136
1576.74100000000136
1577.34000000000136
1577.48100000000136
1577.63100000000136
1577.79300000000136
1577.93600000000136
1578.07800000000136
1578.23500000000136
1578.40600000000136
1640.57700000000142
1640.68800000000142
1640.82600000000142
1640.96500000000142
1641.10000000000142
1641.24100000000142
1641.49600000000142
1641.61600000000142
1641.76300000000142
1641.90300000000142
1642.03700000000142
1642.18500000000142
1642.32600000000142
1642.47200000000142
1642.62400000000142
1642.79100000000142
1642.93500000000142
1643.09200000000142
1643.25300000000142
1643.40800000000142
1643.57600000000142
1643.71300000000142
1643.83900000000142
1643.99400000000142
1644.15900000000142
1644.23500000000142
1644.31900000000142
1644.48500000000142
1644.60600000000142
1644.76000000000142
1644.84600000000142
1644.91600000000142
1644.99600000000142
1645.07000000000142
1645.20800000000142
1645.35000000000142
1645.43000000000142
1645.50000000000142
1645.58500000000142
1645.65700000000142
1645.81500000000142
1645.95400000000142
1646.10100000000142
1731.7510000000015
1731.8890000000015
1732.0360000000015
1742.69300000000151
1742.80500000000151
1742.94400000000151
1743.08000000000151
1743.21400000000151
1743.34500000000151
1743.48400000000151
1743.57600000000151
1743.63700000000151
1743.79500000000151
1743.92700000000151
1744.06100000000151
1744.21300000000151
1744.45600000000151
1744.59300000000151
1744.72400000000151
1744.86500000000151
1745.02400000000151
1745.19800000000151
1745.32900000000151
1745.45100000000151
1745.60000000000151
1745.69300000000151
1745.75800000000151
1745.90800000000151
1746.03500000000151
1746.17100000000151
1746.33000000000151
1746.46000000000151
1746.63300000000151
1746.89000000000151
-2
1.08300000000000001
1.27000000000000001
1.38900000000000002
1.51500000000000002
1.63700000000000002
1.75600000000000002
1.88200000000000003
2.00500000000000003
2.13200000000000003
2.24400000000000003
2.36800000000000004
2.50400000000000004
2.63600000000000004
2.76400000000000004
2.89200000000000005
2.99600000000000005
42.429999999999996
42.5799999999999962
42.6029999999999962
42.7269999999999963
42.8739999999999964
43.0119999999999966
43.2039999999999967
43.3209999999999968
43.467999999999997
43.6109999999999971
43.7559999999999972
43.9049999999999974
44.0639999999999975
44.2029999999999976
44.3469999999999977
44.4889999999999979
44.625999999999998
44.7839999999999981
79.537000000000029
79.6330000000000291
79.7570000000000292
80.8650000000000302
81.0010000000000303
81.1390000000000304
81.2790000000000305
81.4190000000000307
81.5450000000000308
81.6850000000000309
81.830000000000031
81.9840000000000312
82.1340000000000313
82.2800000000000314
82.4190000000000316
82.5540000000000317
82.6870000000000318
82.8300000000000319
82.968000000000032
83.1270000000000322
83.2520000000000323
83.3910000000000324
83.5480000000000326
83.6530000000000327
83.8110000000000328
83.9810000000000329
84.089000000000033
84.2210000000000332
84.3630000000000333
84.5200000000000334
84.6810000000000336
84.8000000000000337
84.9460000000000338
85.0800000000000339
85.217000000000034
85.3720000000000342
85.5190000000000343
85.6840000000000345
85.8230000000000346
85.9620000000000347
86.1100000000000348
86.253000000000035
86.4230000000000351
86.5660000000000352
86.7190000000000354
86.8800000000000355
87.0310000000000356
87.1990000000000358
87.3430000000000359
87.4980000000000361
87.6600000000000362
87.8050000000000363
87.9540000000000365
88.1200000000000366
88.2730000000000368
88.4340000000000369
88.582000000000037
88.9800000000000374
89.1450000000000375
89.3160000000000377
89.4720000000000378
89.6120000000000379
89.7740000000000381
89.9080000000000382
90.0310000000000383
90.2040000000000385
90.3650000000000386
90.5230000000000388
90.6700000000000389
90.834000000000039
90.9700000000000392
91.1210000000000393
91.2500000000000394
91.4320000000000396
91.5750000000000397
91.7480000000000398
91.91900000000004
92.0870000000000401
92.2290000000000403
92.3800000000000404
92.5360000000000405
92.6770000000000407
92.8110000000000408
93.2430000000000412
93.3740000000000413
114.9250000000000604
115.0340000000000605
115.1630000000000606
115.2890000000000608
115.4210000000000609
115.558000000000061
115.6870000000000611
115.8090000000000612
115.9420000000000613
116.0760000000000614
116.2190000000000616
116.3630000000000617
156.047000000000097
156.188000000000097
156.332000000000097
156.468000000000097
156.619000000000097
156.767000000000098
156.901000000000098
157.043000000000098
157.186000000000098
157.323000000000098
157.468000000000098
157.482000000000098
157.627000000000098
157.748000000000098
158.028000000000099
158.195000000000099
158.343000000000099
158.473000000000099
158.608000000000099
158.747000000000099
158.887000000000099
159.0440000000001
159.1830000000001
159.2500000000001
159.3330000000001
159.3930000000001
159.4680000000001
159.5990000000001
159.7610000000001
159.9000000000001
160.051000000000101
160.224000000000101
160.395000000000101
160.508000000000101
160.630000000000101
160.785000000000101
160.923000000000101
161.085000000000101
161.220000000000102
161.445000000000102
161.554000000000102
161.690000000000102
161.846000000000102
161.968000000000102
162.113000000000102
162.249000000000102
162.394000000000103
162.821000000000103
162.986000000000103
163.139000000000103
163.285000000000103
163.426000000000104
163.569000000000104
163.722000000000104
163.879000000000104
164.015000000000104
164.135000000000104
164.301000000000104
164.450000000000104
164.604000000000105
164.670000000000105
164.763000000000105
164.925000000000105
165.081000000000105
165.204000000000105
165.354000000000105
165.495000000000105
165.633000000000105
165.788000000000106
165.941000000000106
166.378000000000106
166.536000000000106
166.695000000000106
166.847000000000107
166.997000000000107
167.123000000000107
167.276000000000107
167.432000000000107
167.635000000000107
167.747000000000107
167.899000000000107
168.064000000000108
168.216000000000108
168.371000000000108
168.524000000000108
168.686000000000108
168.834000000000108
169.002000000000108
169.159000000000109
169.348000000000109
173.895000000000113
174.073000000000113
174.241000000000113
174.400000000000113
176.581000000000115
176.744000000000115
176.903000000000115
177.010000000000116
177.130000000000116
177.284000000000116
177.599000000000116
177.659000000000116
177.785000000000116
178.332000000000117
178.442000000000117
185.595000000000123
185.714000000000123
185.851000000000123
186.139000000000124
186.468000000000124
186.719000000000124
186.823000000000124
187.003000000000124
187.155000000000125
187.222000000000125
187.313000000000125
187.469000000000125
187.620000000000125
187.765000000000125
187.918000000000125
188.084000000000125
188.227000000000126
188.371000000000126
188.511000000000126
188.669000000000126
189.263000000000126
189.430000000000127
189.580000000000127
189.643000000000127
189.731000000000127
189.875000000000127
190.028000000000127
190.186000000000127
190.348000000000127
191.315000000000128
191.437000000000128
192.519000000000129
192.664000000000129
192.82000000000013
192.98500000000013
193.14000000000013
193.29600000000013
193.35500000000013
193.44300000000013
193.58700000000013
193.73200000000013
193.882000000000131
194.029000000000131
194.168000000000131
194.308000000000131
195.085000000000132
195.285000000000132
195.601000000000132
195.781000000000132
195.893000000000132
195.993000000000132
198.546000000000135
198.686000000000135
198.834000000000135
198.981000000000135
199.135000000000135
199.289000000000135
199.439000000000135
199.582000000000136
199.705000000000136
199.876000000000136
200.011000000000136
200.178000000000136
200.333000000000136
200.488000000000136
200.648000000000137
200.798000000000137
200.949000000000137
201.096000000000137
201.250000000000137
201.413000000000137
201.567000000000137
201.717000000000138
201.867000000000138
202.041000000000138
202.171000000000138
202.360000000000138
202.490000000000138
202.606000000000138
321.404000000000244
321.534000000000244
321.778000000000244
321.909000000000244
322.046000000000244
322.186000000000244
322.317000000000245
322.452000000000245
322.579000000000245
322.712000000000245
322.856000000000245
322.990000000000245
323.119000000000245
323.258000000000245
323.397000000000246
323.424000000000246
323.536000000000246
323.678000000000246
323.805000000000246
323.928000000000246
324.082000000000246
324.106000000000246
324.220000000000246
324.359000000000246
324.370000000000246
324.501000000000247
324.638000000000247
324.771000000000247
324.910000000000247
324.933000000000247
325.095000000000247
325.197000000000247
325.203000000000247
325.333000000000247
325.527000000000247
325.641000000000248
325.800000000000248
325.817000000000248
325.947000000000248
325.979000000000248
326.099000000000248
326.270000000000248
326.307000000000248
326.416000000000248
326.557000000000248
326.753000000000249
326.781000000000249
326.897000000000249
327.036000000000249
327.185000000000249
327.337000000000249
327.487000000000249
327.627000000000249
327.755000000000249
327.89900000000025
328.04100000000025
328.18700000000025
328.34100000000025
328.56100000000025
328.67700000000025
328.80300000000025
328.95400000000025
329.111000000000251
329.244000000000251
329.351000000000251
329.492000000000251
329.651000000000251
329.805000000000251
329.981000000000251
330.140000000000252
330.313000000000252
330.456000000000252
331.088000000000252
331.380000000000253
331.514000000000253
331.648000000000253
332.162000000000253
332.311000000000254
332.498000000000254
332.637000000000254
332.782000000000254
332.963000000000254
333.079000000000254
333.218000000000254
333.236000000000254
336.837000000000258
336.984000000000258
337.143000000000258
337.320000000000258
337.468000000000258
337.622000000000258
337.780000000000258
337.933000000000258
338.085000000000259
338.260000000000259
338.432000000000259
338.555000000000259
338.696000000000259
338.840000000000259
339.36900000000026
339.45000000000026
339.62300000000026
339.90300000000026
339.95300000000026
349.531000000000269
354.832000000000274
354.872000000000274
355.003000000000274
355.111000000000274
355.256000000000274
355.392000000000274
355.551000000000274
355.695000000000274
355.879000000000274
356.015000000000275
356.181000000000275
356.344000000000275
356.488000000000275
356.640000000000275
356.795000000000275
356.948000000000275
357.093000000000276
357.234000000000276
357.382000000000276
357.523000000000276
357.675000000000276
357.819000000000276
357.970000000000276
358.119000000000276
358.256000000000277
358.404000000000277
358.555000000000277
358.702000000000277
358.854000000000277
358.996000000000277
359.152000000000277
359.283000000000277
359.412000000000278
359.601000000000278
359.746000000000278
359.893000000000278
360.173000000000278
360.315000000000278
360.730000000000279
360.873000000000279
361.028000000000279
361.173000000000279
361.347000000000279
361.488000000000279
361.59700000000028
361.73200000000028
361.87900000000028
362.03600000000028
362.18100000000028
362.32500000000028
362.47000000000028
362.61800000000028
362.773000000000281
362.927000000000281
363.065000000000281
363.658000000000281
363.809000000000281
363.964000000000282
364.112000000000282
364.259000000000282
364.400000000000282
364.562000000000282
364.723000000000282
365.165000000000283
365.315000000000283
365.470000000000283
365.620000000000283
365.779000000000283
365.917000000000283
366.065000000000283
366.183000000000284
369.567000000000287
369.701000000000287
369.852000000000287
369.995000000000287
370.137000000000287
370.281000000000287
370.423000000000287
370.543000000000287
370.703000000000288
371.027000000000288
371.179000000000288
371.321000000000288
371.483000000000288
371.647000000000288
371.800000000000289
371.952000000000289
372.098000000000289
372.249000000000289
372.405000000000289
372.575000000000289
372.725000000000289
372.87200000000029
373.02100000000029
373.15900000000029
373.30700000000029
373.54000000000029
373.76600000000029
373.92500000000029
374.089000000000291
374.137000000000291
374.249000000000291
374.278000000000291
374.788000000000291
374.899000000000291
374.932000000000291
389.708000000000304
389.806000000000305
389.983000000000305
390.132000000000305
390.300000000000305
390.397000000000305
390.551000000000305
390.685000000000305
390.847000000000305
391.015000000000306
391.318000000000306
391.453000000000306
391.605000000000306
391.739000000000306
404.978000000000318
405.107000000000318
405.246000000000318
405.374000000000318
405.508000000000318
405.920000000000319
406.056000000000319
406.203000000000319
406.337000000000319
406.459000000000319
406.61800000000032
406.75600000000032
406.87900000000032
407.42200000000032
407.56700000000032
407.70400000000032
407.841000000000321
407.974000000000321
408.088000000000321
408.718000000000321
409.126000000000322
409.293000000000322
409.428000000000322
409.577000000000322
409.842000000000322
409.984000000000322
417.525000000000329
417.654000000000329
417.791000000000329
417.92500000000033
418.04300000000033
418.19700000000033
418.33300000000033
418.61200000000033
418.76000000000033
418.95900000000033
419.075000000000331
419.228000000000331
419.374000000000331
419.522000000000331
420.049000000000331
420.203000000000332
420.345000000000332
420.494000000000332
420.648000000000332
420.790000000000332
420.921000000000332
455.002000000000362
455.121000000000363
455.252000000000363
455.379000000000363
455.490000000000363
455.759000000000363
455.887000000000363
456.011000000000363
456.158000000000364
456.688000000000364
456.816000000000364
456.950000000000364
457.111000000000364
457.186000000000364
457.303000000000364
457.426000000000365
457.538000000000365
457.708000000000365
457.844000000000365
457.997000000000365
458.139000000000365
458.153000000000365
458.262000000000365
459.963000000000367
460.063000000000367
460.189000000000367
460.326000000000367
460.462000000000367
460.600000000000367
460.737000000000368
460.913000000000368
461.002000000000368
461.126000000000368
461.427000000000368
461.569000000000368
461.721000000000368
462.95900000000037
463.73000000000037
463.86600000000037
464.01500000000037
464.163000000000371
464.310000000000371
464.459000000000371
464.604000000000371
464.811000000000371
464.966000000000371
465.174000000000371
465.296000000000372
688.48400000000057
688.59500000000057
688.71500000000057
688.83900000000057
688.96500000000057
689.10200000000057
689.23100000000057
689.359000000000571
689.492000000000571
689.618000000000571
689.749000000000571
689.880000000000571
690.020000000000571
690.161000000000571
690.280000000000571
690.300000000000571
690.419000000000572
690.564000000000572
690.735000000000572
690.842000000000572
690.972000000000572
691.137000000000572
691.242000000000572
691.381000000000572
691.413000000000572
691.521000000000572
691.670000000000573
691.794000000000573
691.929000000000573
692.052000000000573
692.206000000000573
692.333000000000573
692.467000000000573
692.598000000000574
692.769000000000574
692.871000000000574
693.011000000000574
693.151000000000574
693.326000000000574
693.479000000000574
693.595000000000574
693.607000000000574
693.750000000000574
693.871000000000575
694.000000000000575
694.143000000000575
694.426000000000575
694.580000000000575
694.722000000000575
695.207000000000576
695.286000000000576
695.310000000000576
695.454000000000576
695.505000000000576
695.636000000000576
695.806000000000576
695.894000000000576
696.028000000000576
696.219000000000577
696.525000000000577
696.604000000000577
696.643000000000577
696.749000000000577
696.779000000000577
696.902000000000577
697.066000000000577
697.207000000000578
697.367000000000578
697.523000000000578
697.665000000000578
697.842000000000578
698.010000000000578
698.116000000000578
698.271000000000578
698.421000000000579
698.553000000000579
698.700000000000579
698.855000000000579
699.027000000000579
699.184000000000579
699.345000000000579
699.52900000000058
700.10700000000058
700.27100000000058
700.806000000000581
700.925000000000581
701.469000000000581
701.564000000000581
701.721000000000582
701.875000000000582
702.023000000000582
702.164000000000582
702.320000000000582
702.452000000000582
702.595000000000582
702.744000000000582
702.896000000000583
703.053000000000583
703.203000000000583
703.366000000000583
703.487000000000583
703.630000000000583
703.783000000000583
703.860000000000583
703.954000000000584
704.129000000000584
706.921000000000586
707.234000000000586
707.676000000000587
708.307000000000587
708.759000000000588
708.906000000000588
709.063000000000588
709.216000000000588
709.399000000000588
709.543000000000588
709.730000000000589
709.873000000000589
709.965000000000589
710.106000000000589
710.236000000000589
710.398000000000589
710.559000000000589
710.94700000000059
711.02400000000059
711.79000000000059
711.895000000000591
712.051000000000591
713.626000000000592
713.889000000000592
714.039000000000592
714.193000000000593
714.357000000000593
714.509000000000593
714.670000000000593
714.693000000000593
714.853000000000593
714.986000000000593
739.489000000000615
739.616000000000615
739.743000000000615
739.868000000000615
740.126000000000616
740.262000000000616
740.395000000000616
740.515000000000616
740.798000000000616
740.931000000000616
741.066000000000616
741.207000000000617
741.360000000000617
741.470000000000617
750.482000000000625
750.608000000000625
750.740000000000625
750.871000000000625
751.001000000000625
751.132000000000625
751.264000000000626
751.398000000000626
751.536000000000626
751.679000000000626
751.829000000000626
751.970000000000626
752.140000000000626
752.239000000000626
752.381000000000627
752.527000000000627
752.681000000000627
752.820000000000627
752.971000000000627
753.104000000000627
753.397000000000628
753.561000000000628
754.290000000000628
755.573000000000629
755.73000000000063
758.194000000000632
760.056000000000633
761.871000000000635
762.025000000000635
762.499000000000636
762.653000000000636
764.863000000000638
765.253000000000638
765.339000000000638
765.377000000000638
765.491000000000638
767.06200000000064
767.15500000000064
767.70300000000064
767.86500000000064
768.02500000000064
768.08900000000064
768.183000000000641
768.332000000000641
768.486000000000641
768.622000000000641
768.790000000000641
768.957000000000641
769.794000000000642
769.936000000000642
770.080000000000642
770.229000000000642
770.356000000000642
770.495000000000643
770.634000000000643
770.780000000000643
771.075000000000643
771.187000000000643
771.336000000000643
771.491000000000644
771.654000000000644
771.795000000000644
771.851000000000644
771.937000000000644
772.078000000000644
772.223000000000644
772.373000000000644
772.531000000000644
772.668000000000645
772.810000000000645
772.925000000000645
773.243000000000645
773.395000000000645
773.548000000000645
773.694000000000646
773.847000000000646
773.992000000000646
774.145000000000646
774.308000000000646
774.452000000000646
774.489000000000646
774.608000000000646
774.677000000000646
774.767000000000646
774.806000000000646
774.928000000000647
775.076000000000647
777.358000000000649
778.027000000000649
778.18800000000065
778.33800000000065
778.49000000000065
779.742000000000651
779.818000000000651
780.257000000000651
780.410000000000651
780.563000000000652
780.715000000000652
780.757000000000652
780.861000000000652
780.977000000000652
784.909000000000655
785.047000000000656
785.189000000000656
785.324000000000656
785.451000000000656
785.755000000000656
785.900000000000656
786.157000000000657
786.294000000000657
786.400000000000657
786.729000000000657
786.895000000000657
787.024000000000657
787.161000000000657
787.284000000000658
790.53100000000066
790.660000000000661
790.794000000000661
790.927000000000661
791.050000000000661
902.84000000000076
902.97500000000076
903.10100000000076
903.232000000000761
903.356000000000761
903.483000000000761
903.615000000000761
903.746000000000761
903.867000000000761
904.010000000000761
904.134000000000761
904.279000000000761
904.416000000000762
904.558000000000762
904.673000000000762
904.801000000000762
904.832000000000762
904.951000000000762
905.055000000000762
905.186000000000762
905.315000000000762
905.451000000000762
905.584000000000763
905.732000000000763
905.847000000000763
906.541000000000764
906.677000000000764
906.821000000000764
906.950000000000764
907.082000000000764
907.567000000000764
907.656000000000764
907.800000000000765
907.926000000000765
908.123000000000765
908.247000000000765
908.360000000000765
908.516000000000765
908.651000000000765
908.806000000000766
908.846000000000766
908.954000000000766
909.100000000000766
909.246000000000766
909.265000000000766
909.415000000000766
909.547000000000766
909.677000000000766
909.827000000000766
909.843000000000766
910.033000000000767
910.143000000000767
910.168000000000767
910.351000000000767
910.485000000000767
910.640000000000767
910.743000000000767
910.773000000000767
910.888000000000767
911.042000000000768
911.203000000000768
911.453000000000768
911.477000000000768
911.584000000000768
911.753000000000768
911.891000000000768
912.115000000000768
912.193000000000768
912.328000000000769
912.470000000000769
912.612000000000769
912.779000000000769
912.912000000000769
914.41200000000077
914.528000000000771
914.675000000000771
914.868000000000771
915.159000000000771
915.269000000000771
915.399000000000771
915.543000000000772
915.668000000000772
915.822000000000772
915.894000000000772
915.999000000000772
916.176000000000772
916.226000000000772
916.341000000000772
916.544000000000772
916.666000000000772
916.825000000000773
916.940000000000773
917.085000000000773
917.237000000000773
917.422000000000773
917.529000000000773
917.544000000000773
917.666000000000773
917.824000000000774
918.000000000000774
918.146000000000774
918.276000000000774
918.404000000000774
918.541000000000774
918.689000000000774
918.839000000000774
918.997000000000775
919.160000000000775
919.300000000000775
919.442000000000775
919.590000000000775
919.733000000000775
919.880000000000775
920.025000000000775
920.172000000000776
920.297000000000776
920.466000000000776
920.622000000000776
920.770000000000776
920.909000000000776
921.683000000000777
921.832000000000777
921.982000000000777
922.138000000000777
922.280000000000778
922.569000000000778
922.724000000000778
922.873000000000778
923.020000000000778
923.174000000000778
923.342000000000778
923.497000000000779
923.653000000000779
924.286000000000779
924.380000000000779
924.51300000000078
924.68300000000078
924.85000000000078
925.04700000000078
925.20100000000078
925.35000000000078
925.71400000000078
925.980000000000781
926.135000000000781
926.277000000000781
926.421000000000781
926.576000000000781
926.733000000000781
926.763000000000782
926.893000000000782
926.925000000000782
927.036000000000782
927.193000000000782
927.365000000000782
927.388000000000782
927.698000000000782
927.847000000000782
927.957000000000782
927.973000000000782
928.145000000000783
928.646000000000783
928.974000000000783
929.263000000000784
929.420000000000784
929.659000000000784
930.309000000000785
930.446000000000785
930.591000000000785
930.611000000000785
930.763000000000785
930.917000000000785
931.047000000000785
931.076000000000785
931.168000000000785
931.390000000000786
931.508000000000786
935.588000000000789
935.721000000000789
935.86100000000079
936.00600000000079
936.14000000000079
939.490000000000793
939.625000000000793
939.767000000000793
939.902000000000793
940.035000000000793
940.177000000000793
940.313000000000794
940.459000000000794
940.897000000000794
941.053000000000794
941.205000000000794
941.228000000000794
941.700000000000795
941.793000000000795
941.943000000000795
942.094000000000795
942.251000000000795
942.406000000000795
942.600000000000796
942.650000000000796
942.791000000000796
942.916000000000796
942.952000000000796
951.361000000000803
959.32600000000081
959.44900000000081
959.598000000000811
959.734000000000811
959.867000000000811
1275.20600000000109
1275.32600000000109
1275.46000000000109
1275.58600000000109
1275.71800000000109
1275.84600000000109
1275.97300000000109
1276.10200000000109
1276.23000000000109
1276.36200000000109
1276.49300000000109
1276.63400000000109
1276.77500000000109
1276.91400000000109
1277.04100000000109
1277.18900000000109
1277.22100000000109
1277.33300000000109
1277.45700000000109
1277.59100000000109
1277.73300000000109
1277.87000000000109
1278.00000000000109
1278.15300000000109
1278.30100000000109
1278.42800000000109
1278.56700000000109
1278.71800000000109
1278.75000000000109
1278.89200000000109
1279.03400000000109
1279.16400000000109
1279.30200000000109
1279.32600000000109
1279.44600000000109
1279.47100000000109
1279.59800000000109
1279.73100000000109
1279.8690000000011
1280.0110000000011
1280.0400000000011
1280.1560000000011
1280.1840000000011
1280.3020000000011
1280.4420000000011
1280.6080000000011
1280.6410000000011
1280.7550000000011
1280.8940000000011
1281.0370000000011
1281.1710000000011
1281.3350000000011
1281.4690000000011
1281.4880000000011
1281.6120000000011
1281.6870000000011
1281.8140000000011
1281.9210000000011
1282.0700000000011
1282.2270000000011
1282.3610000000011
1282.5060000000011
1282.6560000000011
1282.8190000000011
1282.9730000000011
1283.1640000000011
1283.2820000000011
1283.3200000000011
1283.4490000000011
1283.6040000000011
1283.7720000000011
1283.9220000000011
1284.0440000000011
1284.0690000000011
1284.2010000000011
1284.3800000000011
1284.4920000000011
1284.5100000000011
1284.6800000000011
1284.9200000000011
1285.0740000000011
1285.1050000000011
1285.2300000000011
1285.2430000000011
1285.4080000000011
1285.5940000000011
1285.6810000000011
1285.7110000000011
1285.8450000000011
1285.9900000000011
1286.1250000000011
1286.1930000000011
1286.2950000000011
1286.3680000000011
1286.4740000000011
1286.6710000000011
1286.7980000000011
1286.9920000000011
1287.1570000000011
1287.2760000000011
1287.3970000000011
1287.5560000000011
1287.7540000000011
1287.8540000000011
1288.0010000000011
1288.1200000000011
1288.1430000000011
1288.2700000000011
1288.6670000000011
1288.7780000000011
1288.9660000000011
1289.0940000000011
1289.2340000000011
1289.3460000000011
1289.3720000000011
1289.5140000000011
1289.5720000000011
1289.6960000000011
1289.8270000000011
1290.1550000000011
1290.2690000000011
1290.3150000000011
1290.4240000000011
1290.5760000000011
1290.6040000000011
1290.7460000000011
1290.8770000000011
1291.0270000000011
1291.1880000000011
1291.36000000000111
1291.53700000000111
1291.55600000000111
1291.67900000000111
1291.85400000000111
1292.02600000000111
1292.15400000000111
1292.31200000000111
1292.41700000000111
1292.55000000000111
1293.30600000000111
1293.36400000000111
1293.44700000000111
1293.61000000000111
1293.74700000000111
1293.89500000000111
1294.03700000000111
1294.18100000000111
1294.33100000000111
1294.47500000000111
1294.63600000000111
1294.77100000000111
1294.93200000000111
1295.09100000000111
1295.25700000000111
1295.42500000000111
1295.60700000000111
1295.64800000000111
1295.77300000000111
1295.81400000000111
1295.93600000000111
1296.09100000000111
1296.23900000000111
1296.38800000000111
1296.86500000000111
1297.87900000000111
1297.95300000000111
1298.10200000000111
1298.11300000000111
1298.25200000000111
1298.42100000000111
1298.58600000000111
1298.75800000000111
1298.82400000000111
1298.85000000000111
1298.97500000000111
1299.11100000000111
1299.15600000000111
1299.33700000000111
1299.42900000000111
1299.58800000000111
1299.62400000000111
1299.75500000000111
1299.81200000000111
1299.99000000000111
1300.08000000000111
1300.26400000000111
1300.44400000000111
1300.54100000000111
1300.77800000000111
1300.95300000000111
1300.99800000000111
1301.11500000000111
1301.18200000000111
1301.33700000000111
1301.43200000000111
1301.72300000000111
1301.88400000000111
1302.03700000000111
1302.18900000000111
1302.37400000000112
1302.67100000000112
1302.77000000000112
1302.79400000000112
1303.08000000000112
1303.12400000000112
1303.40500000000112
1303.47700000000112
1303.58600000000112
1303.84900000000112
1303.94700000000112
1304.07600000000112
1304.28600000000112
1304.38000000000112
1304.53400000000112
1304.69400000000112
1304.74600000000112
1304.85000000000112
1305.00400000000112
1305.71100000000112
1305.88600000000112
1308.64000000000112
1308.70900000000112
1309.48500000000112
1309.51300000000112
1309.64000000000112
1309.80200000000112
1309.96100000000112
1310.10500000000112
1310.24400000000112
1310.39200000000112
1310.54000000000112
1310.72000000000112
1311.08400000000112
1311.21800000000112
1311.36800000000112
1311.54500000000112
1311.81200000000112
1311.95700000000112
1312.09100000000112
1314.83600000000113
1326.62900000000114
1326.76500000000114
1326.89500000000114
1327.02800000000114
1327.16600000000114
1327.28500000000114
1327.55100000000114
1327.88300000000114
1328.02200000000114
1328.13900000000114
1329.49800000000114
1329.63500000000114
1329.77400000000114
1329.90900000000114
1330.05100000000114
1330.18400000000114
1330.32200000000114
1330.45400000000114
1330.59200000000114
1330.75000000000114
1330.89100000000114
1331.03800000000114
1331.17800000000114
1331.28500000000114
1331.89900000000114
1332.04200000000114
1332.19000000000114
1332.32500000000114
1332.46300000000114
1332.60900000000114
1332.74900000000114
1332.89200000000114
1333.04000000000114
1333.20700000000114
1333.38500000000114
1333.54300000000114
1333.67700000000114
1333.82800000000114
1333.97700000000114
1334.13100000000114
1334.28000000000114
1334.42700000000114
1334.58300000000114
1334.72900000000114
1334.87200000000114
1335.02700000000114
1335.16900000000114
1335.31300000000114
1335.50000000000114
1335.61700000000114
1335.74600000000114
1335.91600000000114
1336.11200000000114
1336.26200000000115
1336.42800000000115
1336.90100000000115
1337.30100000000115
1337.34600000000115
1337.45000000000115
1337.59100000000115
1338.14100000000115
1338.23500000000115
1338.26200000000115
1338.78600000000115
1339.28900000000115
1339.36600000000115
1339.52200000000115
1339.57300000000115
1339.75700000000115
1339.89000000000115
1339.98900000000115
1340.13500000000115
1340.89200000000115
1340.92900000000115
1341.04000000000115
1341.19800000000115
1341.25900000000115
1341.34600000000115
1341.49400000000115
1341.64700000000115
1341.79700000000115
1342.38300000000115
1342.52700000000115
1342.59600000000115
1342.66700000000115
1342.80700000000115
1342.94600000000115
1343.10800000000115
1343.17800000000115
1343.25700000000115
1343.39400000000115
1343.54200000000115
1343.70600000000115
1343.90900000000115
1344.03800000000115
1344.19800000000115
1344.33800000000115
1344.48600000000115
1344.64700000000115
1344.77400000000115
1344.89300000000115
1345.36900000000115
1345.51200000000115
1359.64000000000117
1359.78000000000117
1360.06000000000117
1360.18800000000117
1360.77100000000117
1360.92100000000117
1360.99500000000117
1361.22200000000117
1361.36100000000117
1361.50400000000117
1361.63600000000117
1361.79400000000117
1361.94700000000117
1362.09400000000117
1362.24700000000117
1362.42800000000117
1362.57700000000117
1362.72000000000117
1362.87500000000117
1363.01200000000117
1363.48400000000117
1363.65400000000117
1363.73600000000117
1363.84300000000117
1364.01100000000117
1364.06000000000117
1364.17400000000117
1364.23300000000117
1364.33900000000117
1364.41400000000117
1364.59100000000117
1364.68300000000117
1364.73900000000117
1364.86700000000117
1364.92500000000117
1365.16900000000117
1365.33800000000117
1365.49900000000117
1365.51900000000117
1365.89900000000117
1366.21100000000117
1366.34500000000117
1366.51100000000117
1366.68700000000117
1366.83800000000117
1366.99000000000117
1367.13400000000117
1367.35700000000117
1367.47900000000117
1367.60300000000117
1367.73000000000117
1367.84100000000117
1368.29600000000117
1368.44600000000117
1368.59300000000117
1368.87000000000117
1369.00400000000117
1369.14900000000117
1369.29500000000117
1369.37800000000117
1369.47600000000117
1369.53200000000117
1369.65200000000117
1369.79700000000117
1369.93900000000118
1370.09500000000118
1370.16500000000118
1370.47100000000118
1370.63500000000118
1370.71200000000118
1370.81000000000118
1370.88800000000118
1370.99100000000118
1371.06600000000118
1371.15500000000118
1371.22700000000118
1373.16900000000118
1373.45200000000118
1373.59300000000118
1373.72200000000118
1374.21300000000118
1374.36100000000118
1374.51500000000118
1374.66800000000118
1374.81600000000118
1374.96400000000118
1375.12900000000118
1375.60000000000118
1375.75000000000118
1375.90000000000118
1376.05300000000118
1376.20800000000118
1376.37700000000118
1376.54100000000118
1376.60200000000118
1376.76600000000118
1377.23100000000118
1377.36300000000118
1377.62400000000118
1377.77500000000118
1377.78900000000118
1377.92900000000118
1378.41800000000118
1379.16100000000118
1379.30400000000118
1379.53900000000118
1390.93200000000119
1391.06100000000119
1391.20400000000119
1391.34000000000119
1391.47800000000119
1391.59400000000119
1464.53600000000126
1464.85300000000126
1464.98300000000126
1465.10800000000126
1465.23700000000126
1465.36800000000126
1465.49600000000126
1465.63200000000126
1465.76500000000126
1465.90100000000126
1466.03400000000126
1466.18400000000126
1466.33700000000126
1466.45800000000126
1466.59800000000126
1466.73200000000126
1466.86900000000126
1466.99100000000126
1467.12400000000126
1467.26900000000126
1467.40600000000126
1467.53500000000126
1467.66700000000126
1467.80000000000126
1467.94600000000126
1468.06800000000126
1468.20100000000126
1468.34000000000126
1468.46500000000126
1468.60300000000126
1468.74300000000126
1468.89100000000126
1469.03300000000126
1469.15900000000126
1469.30100000000126
1469.44700000000126
1469.57200000000126
1469.68800000000126
1470.47600000000126
1470.61800000000126
1470.64200000000126
1470.75500000000126
1470.88800000000126
1471.03800000000126
1471.05900000000126
1471.20500000000126
1471.24500000000126
1471.36600000000127
1471.50100000000127
1471.64100000000127
1471.66500000000127
1471.78700000000127
1471.81600000000127
1471.94000000000127
1471.97700000000127
1472.14300000000127
1472.26100000000127
1472.30600000000127
1472.48400000000127
1472.57600000000127
1472.70000000000127
1472.81500000000127
1476.93400000000127
1477.07500000000127
1477.21000000000127
1477.34100000000127
1477.45600000000127
1559.90700000000134
1560.03800000000134
1560.32200000000134
1560.45600000000134
1560.59300000000134
1560.72500000000134
1560.87100000000134
1561.00200000000134
1561.14100000000134
1561.26800000000134
1561.38200000000134
1561.52400000000135
1561.67800000000135
1561.81800000000135
1561.97800000000135
1562.12300000000135
1562.28600000000135
1563.82800000000135
1563.96800000000135
1564.09500000000135
1564.20800000000135
1564.33600000000135
1564.47000000000135
1564.62000000000135
1564.77300000000135
1564.92900000000135
1565.05900000000135
1565.19400000000135
1565.34300000000135
1565.51100000000135
1565.65700000000135
1565.80200000000135
1565.83000000000135
1565.95900000000135
1566.00400000000135
1566.12300000000135
1566.14600000000135
1566.25300000000135
1566.39200000000135
1566.53500000000135
1566.68200000000135
1566.73900000000135
1566.84200000000135
1566.86400000000135
1566.98600000000135
1567.01700000000135
1567.16600000000135
1567.19500000000135
1567.32300000000135
1567.38300000000135
1567.49200000000135
1567.55900000000135
1567.64000000000135
1567.70700000000135
1567.79700000000135
1567.92700000000135
1568.07400000000135
1568.13600000000135
1568.25000000000135
1568.40400000000135
1568.54100000000135
1568.69400000000135
1568.84700000000135
1569.01500000000135
1569.04300000000135
1569.17200000000135
1569.23800000000135
1569.33700000000135
1569.38900000000135
1569.49400000000135
1569.53100000000135
1569.64100000000135
1569.83700000000135
1569.92600000000135
1570.08000000000135
1570.16000000000135
1570.24300000000135
1570.38000000000135
1571.08400000000135
1571.24000000000135
1571.38300000000135
1571.56100000000135
1571.76700000000135
1571.91000000000135
1572.00700000000135
1572.05200000000135
1572.25300000000135
1572.32500000000135
1572.36600000000135
1572.46900000000136
1572.61900000000136
1572.69800000000136
1572.77200000000136
1572.93500000000136
1573.28700000000136
1573.44800000000136
1573.62000000000136
1573.68000000000136
1573.72300000000136
1573.90300000000136
1573.97200000000136
1574.57900000000136
1574.71800000000136
1574.88400000000136
1574.91100000000136
1575.08700000000136
1575.17200000000136
1575.24200000000136
1575.36700000000136
1575.54700000000136
1575.61800000000136
1575.76900000000136
1575.99300000000136
1576.07200000000136
1576.08400000000136
1576.20900000000136
1576.35300000000136
1576.51800000000136
1576.65600000000136
1576.78400000000136
1577.40400000000136
1577.55300000000136
1577.70800000000136
1577.85100000000136
1578.00200000000136
1578.14700000000136
1578.30800000000136
1578.43900000000136
1640.61100000000142
1640.74200000000142
1640.88200000000142
1641.01100000000142
1641.14600000000142
1641.26600000000142
1641.53000000000142
1641.67500000000142
1641.81400000000142
1641.94500000000142
1642.09500000000142
1642.23800000000142
1642.38700000000142
1642.54200000000142
1642.70600000000142
1642.85000000000142
1642.99500000000142
1643.17000000000142
1643.31700000000142
1643.47600000000142
1643.62900000000142
1643.75400000000142
1643.91000000000142
1644.07300000000142
1644.22500000000142
1644.24700000000142
1644.38500000000142
1644.53000000000142
1644.67300000000142
1644.83100000000142
1644.86400000000142
1644.98500000000142
1645.00900000000142
1645.12500000000142
1645.26300000000142
1645.41800000000142
1645.45100000000142
1645.57900000000142
1645.62300000000142
1645.73500000000142
1645.87500000000142
1646.01100000000142
1646.18000000000142
1731.7990000000015
1731.9400000000015
1732.0590000000015
1742.73700000000151
1742.86300000000151
1743.00000000000151
1743.13400000000151
1743.26200000000151
1743.40400000000151
1743.55900000000151
1743.59000000000151
1743.71200000000151
1743.84200000000151
1743.98200000000151
1744.13000000000151
1744.28400000000151
1744.50000000000151
1744.64000000000151
1744.78300000000151
1744.93900000000151
1745.09900000000151
1745.24900000000151
1745.36500000000151
1745.49700000000151
1745.65400000000151
1745.70400000000151
1745.80300000000151
1745.94900000000151
1746.08000000000151
1746.22800000000151
1746.36700000000151
1746.48900000000151
1746.64700000000151
1746.90700000000151
0
-3
-4
0
0
0
0
0
3600
0
0
0
0
0
0
0
3600.00099999983085
0
0
0
0
0
0
