7
28
17
7
28
17
pcf1.05
perfusionday
0
2
8
30
41
9
31
20
22
4
.3
1
1
1
1
2100
2100
1
1
1
1
1
1
1
1
1
1
1
1
1
1
1
1
1
1
1
1
0
-1
-2
2099
-3
47.4530000000000005
88.3700000000000368
88.6950000000000371
89.0520000000000374
89.4010000000000378
89.5450000000000379
89.8180000000000381
89.9260000000000382
90.0510000000000383
90.1740000000000384
90.2990000000000386
90.4110000000000386
90.5330000000000388
90.6570000000000389
90.783000000000039
90.9010000000000391
91.0230000000000392
91.1450000000000393
91.2680000000000394
91.3940000000000395
91.5150000000000396
91.6400000000000397
91.7760000000000399
91.91200000000004
92.0290000000000401
92.6900000000000407
92.8190000000000408
92.9580000000000409
93.096000000000041
93.2270000000000412
93.3550000000000413
93.4840000000000414
93.6140000000000415
94.0180000000000419
94.145000000000042
94.3010000000000421
94.4350000000000422
94.5660000000000423
94.7010000000000425
94.8540000000000426
94.9760000000000427
95.1060000000000428
95.5400000000000432
95.6730000000000433
95.8170000000000435
95.9550000000000436
96.0890000000000437
96.2240000000000438
96.3580000000000439
96.491000000000044
97.0460000000000445
97.1910000000000447
97.3420000000000448
97.4810000000000449
97.616000000000045
97.7500000000000452
97.8930000000000453
98.0350000000000454
98.1630000000000455
98.2950000000000456
98.8920000000000462
99.0300000000000463
99.1870000000000464
99.3260000000000466
99.4660000000000467
99.6000000000000468
99.7390000000000469
99.8720000000000471
100.0240000000000472
100.1510000000000473
100.2900000000000474
100.4270000000000476
100.5690000000000477
100.7040000000000478
101.1340000000000482
101.2780000000000483
101.4270000000000484
101.5580000000000486
101.6930000000000487
101.8360000000000488
101.9850000000000489
102.1180000000000491
102.2630000000000492
102.3930000000000493
102.5270000000000494
103.1230000000000499
103.2620000000000501
103.4100000000000502
103.5480000000000503
103.6930000000000504
103.8440000000000506
103.9850000000000507
104.1290000000000508
104.287000000000051
104.4240000000000511
104.5600000000000512
104.6990000000000514
104.8420000000000515
105.0050000000000516
105.1460000000000517
105.2820000000000519
105.431000000000052
105.5700000000000521
105.7060000000000522
105.8430000000000524
105.9800000000000525
106.1220000000000526
106.2740000000000527
106.4190000000000529
106.568000000000053
106.7010000000000531
106.8350000000000532
106.9700000000000534
107.1100000000000535
107.2520000000000536
107.4060000000000537
107.5480000000000539
107.702000000000054
107.8320000000000541
107.9690000000000542
108.1110000000000544
108.2490000000000545
108.3900000000000546
108.814000000000055
108.9570000000000551
109.1010000000000552
109.3890000000000555
109.5260000000000556
109.6660000000000558
109.8060000000000559
109.944000000000056
110.0900000000000561
110.2340000000000563
110.3660000000000564
110.5070000000000565
110.7900000000000568
110.9280000000000569
111.072000000000057
111.2300000000000571
111.3660000000000573
111.5070000000000574
111.6510000000000575
111.7860000000000576
111.9250000000000578
112.0630000000000579
112.201000000000058
112.3490000000000581
112.4880000000000583
112.6220000000000584
112.7590000000000585
112.8980000000000586
113.0400000000000588
113.1810000000000589
113.328000000000059
113.4760000000000591
113.6150000000000593
113.7500000000000594
113.8940000000000595
114.0340000000000596
114.1850000000000598
114.3390000000000599
114.49400000000006
114.6460000000000602
114.7880000000000603
115.0660000000000606
115.2060000000000607
115.3390000000000608
115.4800000000000609
115.619000000000061
115.7610000000000612
115.8980000000000613
116.0480000000000614
116.1900000000000616
116.9360000000000622
117.0660000000000623
117.2070000000000624
117.3570000000000626
117.5010000000000627
117.6530000000000628
117.798000000000063
117.9350000000000631
118.0730000000000632
118.2160000000000634
118.3610000000000635
118.5010000000000636
118.6440000000000637
118.8010000000000639
118.937000000000064
119.0800000000000641
119.2240000000000642
119.3710000000000644
119.5220000000000645
119.6740000000000646
119.8300000000000648
119.9980000000000649
120.127000000000065
120.2630000000000652
120.4060000000000653
120.5440000000000654
120.6820000000000655
120.8250000000000657
120.9740000000000658
121.1080000000000659
121.252000000000066
121.3920000000000662
121.5380000000000663
121.6810000000000664
121.8250000000000666
121.9710000000000667
122.1220000000000668
122.2620000000000669
122.4000000000000671
122.5480000000000672
122.6900000000000673
122.8460000000000675
123.393000000000068
123.5480000000000681
123.6910000000000682
123.8390000000000684
124.2620000000000687
124.3990000000000688
124.536000000000069
124.6700000000000691
124.8220000000000692
124.9590000000000693
125.1030000000000695
125.2430000000000696
125.3880000000000697
125.5290000000000698
125.66900000000007
125.8070000000000701
125.9590000000000702
126.0980000000000704
126.2340000000000705
126.3740000000000706
126.5130000000000707
126.6540000000000708
126.798000000000071
126.9410000000000711
127.0940000000000712
127.2340000000000714
127.3720000000000715
127.5120000000000716
127.6550000000000717
127.943000000000072
128.098000000000072
128.239000000000072
128.377000000000072
128.522000000000072
128.668000000000073
128.816000000000073
128.956000000000073
129.104000000000073
129.263000000000073
129.411000000000073
129.552000000000073
129.698000000000074
130.130000000000074
130.270000000000074
130.413000000000074
130.563000000000074
130.707000000000074
130.845000000000075
130.984000000000075
131.130000000000075
131.285000000000075
131.418000000000075
131.559000000000075
132.146000000000076
132.280000000000076
132.420000000000076
132.559000000000076
132.697000000000076
132.841000000000076
132.989000000000076
133.130000000000077
133.275000000000077
133.433000000000077
133.597000000000077
133.728000000000077
133.867000000000077
134.010000000000077
134.156000000000078
134.302000000000078
134.460000000000078
134.600000000000078
134.742000000000078
134.880000000000078
135.193000000000078
135.312000000000079
135.457000000000079
135.604000000000079
135.743000000000079
135.880000000000079
136.026000000000079
136.167000000000079
136.309000000000079
136.45500000000008
136.59500000000008
136.86700000000008
137.00600000000008
137.15100000000008
137.30600000000008
137.46200000000008
137.617000000000081
137.764000000000081
137.930000000000081
138.070000000000081
138.222000000000081
138.372000000000081
138.970000000000082
139.109000000000082
139.259000000000082
139.415000000000082
139.563000000000082
139.710000000000082
139.855000000000083
140.011000000000083
140.153000000000083
140.594000000000083
140.741000000000083
140.891000000000083
141.066000000000084
141.215000000000084
141.355000000000084
141.496000000000084
141.940000000000084
142.079000000000085
142.234000000000085
142.376000000000085
142.527000000000085
142.688000000000085
142.837000000000085
142.973000000000085
143.112000000000085
143.268000000000086
143.413000000000086
143.552000000000086
143.697000000000086
143.839000000000086
143.986000000000086
144.446000000000087
144.587000000000087
144.736000000000087
144.890000000000087
145.043000000000087
145.171000000000087
145.318000000000087
145.461000000000088
145.594000000000088
145.738000000000088
146.308000000000088
146.461000000000088
146.610000000000089
146.754000000000089
146.894000000000089
147.031000000000089
147.174000000000089
147.322000000000089
147.78100000000009
147.91400000000009
148.06000000000009
148.20300000000009
148.34800000000009
148.49900000000009
148.66200000000009
149.418000000000091
149.547000000000091
149.689000000000091
149.839000000000091
149.976000000000092
150.118000000000092
150.259000000000092
150.388000000000092
150.516000000000092
150.653000000000092
150.787000000000092
150.941000000000092
151.090000000000093
151.223000000000093
151.360000000000093
151.501000000000093
153.805000000000095
153.882000000000095
153.948000000000095
154.002000000000095
154.138000000000095
154.289000000000095
154.419000000000096
154.545000000000096
154.682000000000096
154.929000000000096
155.134000000000096
155.270000000000096
155.416000000000096
155.557000000000097
155.708000000000097
155.911000000000097
161.021000000000101
161.311000000000102
161.748000000000102
161.900000000000102
162.032000000000102
162.196000000000102
163.204000000000103
163.651000000000104
163.777000000000104
163.908000000000104
164.042000000000104
164.177000000000104
164.320000000000104
164.434000000000104
164.579000000000105
165.113000000000105
165.248000000000105
165.392000000000105
165.527000000000105
165.663000000000106
165.799000000000106
166.190000000000106
166.317000000000106
166.475000000000106
166.603000000000106
166.735000000000106
166.868000000000107
166.995000000000107
167.389000000000107
167.532000000000107
167.671000000000107
167.816000000000107
167.976000000000108
168.102000000000108
168.235000000000108
168.780000000000108
168.916000000000108
168.998000000000108
169.083000000000109
169.239000000000109
169.296000000000109
169.390000000000109
169.552000000000109
169.606000000000109
169.703000000000109
169.772000000000109
169.863000000000109
170.41100000000011
170.58200000000011
170.63600000000011
170.72100000000011
170.86500000000011
171.00800000000011
171.16000000000011
171.787000000000111
171.872000000000111
172.035000000000111
172.194000000000111
172.342000000000111
172.496000000000112
172.627000000000112
172.758000000000112
173.188000000000112
173.342000000000112
173.492000000000112
173.639000000000113
173.779000000000113
173.938000000000113
174.069000000000113
174.120000000000113
174.203000000000113
174.339000000000113
174.391000000000113
174.482000000000113
174.641000000000113
174.788000000000114
175.196000000000114
175.324000000000114
175.507000000000114
175.647000000000114
175.800000000000114
175.931000000000115
176.092000000000115
176.143000000000115
176.231000000000115
176.370000000000115
176.513000000000115
176.662000000000115
176.800000000000115
176.942000000000116
177.077000000000116
177.214000000000116
177.272000000000116
177.374000000000116
177.436000000000116
177.521000000000116
177.663000000000116
177.803000000000116
177.949000000000116
178.105000000000117
178.275000000000117
178.451000000000117
178.606000000000117
178.780000000000117
178.871000000000117
178.955000000000117
179.071000000000117
179.123000000000117
179.284000000000118
179.429000000000118
180.086000000000118
180.230000000000118
180.364000000000119
180.503000000000119
180.651000000000119
180.789000000000119
180.923000000000119
181.059000000000119
181.341000000000119
181.46300000000012
181.61600000000012
181.74800000000012
181.89400000000012
182.03800000000012
182.17200000000012
182.30700000000012
182.43600000000012
182.573000000000121
182.712000000000121
182.854000000000121
183.758000000000122
183.867000000000122
184.011000000000122
184.159000000000122
184.303000000000122
184.443000000000122
184.586000000000122
184.722000000000122
184.856000000000123
184.999000000000123
185.133000000000123
185.290000000000123
185.423000000000123
185.565000000000123
185.969000000000124
186.113000000000124
186.273000000000124
292.243000000000218
292.304000000000218
292.364000000000218
292.499000000000218
292.880000000000218
293.003000000000219
293.141000000000219
293.262000000000219
293.381000000000219
293.500000000000219
293.622000000000219
294.13600000000022
294.25900000000022
294.40500000000022
294.53800000000022
294.66900000000022
294.78500000000022
294.90400000000022
295.03300000000022
295.300000000000221
295.412000000000221
295.568000000000221
295.690000000000221
295.830000000000221
295.961000000000221
296.085000000000221
296.208000000000221
296.881000000000222
297.016000000000222
297.153000000000222
297.275000000000222
297.406000000000222
297.547000000000223
297.673000000000223
298.357000000000223
298.495000000000223
298.637000000000224
298.763000000000224
298.888000000000224
299.017000000000224
299.162000000000224
299.561000000000224
299.696000000000225
299.856000000000225
299.909000000000225
299.988000000000225
300.114000000000225
300.247000000000225
300.375000000000225
300.510000000000225
300.655000000000225
300.776000000000226
301.466000000000226
301.614000000000226
301.770000000000226
301.895000000000226
302.026000000000227
302.158000000000227
302.283000000000227
302.410000000000227
302.552000000000227
302.687000000000227
302.850000000000227
302.974000000000227
303.101000000000228
303.795000000000228
303.921000000000228
304.066000000000228
304.193000000000228
304.352000000000229
304.485000000000229
304.623000000000229
304.753000000000229
305.73200000000023
305.87800000000023
306.00900000000023
306.14500000000023
306.26900000000023
306.39500000000023
307.067000000000231
307.210000000000231
307.352000000000231
307.484000000000231
307.615000000000232
307.746000000000232
307.885000000000232
308.042000000000232
308.173000000000232
308.310000000000232
309.018000000000233
309.149000000000233
309.298000000000233
309.428000000000233
309.558000000000233
312.803000000000236
312.939000000000236
313.065000000000236
313.212000000000237
313.731000000000237
313.880000000000237
314.019000000000237
314.163000000000237
314.288000000000238
314.414000000000238
314.541000000000238
314.797000000000238
314.953000000000238
315.084000000000238
315.225000000000238
315.355000000000238
316.79600000000024
317.748000000000241
319.222000000000242
319.348000000000242
319.477000000000242
319.599000000000242
319.726000000000242
319.860000000000242
319.981000000000243
320.114000000000243
370.946000000000288
371.045000000000288
371.152000000000288
371.264000000000288
371.389000000000288
371.493000000000288
371.610000000000288
371.738000000000288
371.866000000000289
371.993000000000289
372.102000000000289
372.221000000000289
372.345000000000289
372.466000000000289
372.589000000000289
372.709000000000289
372.96200000000029
373.09100000000029
373.21600000000029
373.34500000000029
373.47500000000029
373.59400000000029
373.71900000000029
373.83900000000029
373.98600000000029
374.104000000000291
374.254000000000291
374.384000000000291
374.516000000000291
374.631000000000291
374.770000000000291
374.896000000000291
375.025000000000291
375.145000000000292
375.278000000000292
375.414000000000292
375.532000000000292
376.191000000000292
376.346000000000293
376.473000000000293
376.602000000000293
376.742000000000293
376.865000000000293
377.744000000000294
377.872000000000294
377.932000000000294
378.015000000000294
378.138000000000294
378.263000000000294
378.391000000000294
378.518000000000295
378.645000000000295
379.027000000000295
379.173000000000295
379.300000000000295
379.437000000000295
379.565000000000295
379.684000000000296
380.497000000000296
380.638000000000296
380.775000000000297
380.895000000000297
381.024000000000297
381.155000000000297
381.290000000000297
381.414000000000297
381.939000000000298
382.079000000000298
382.227000000000298
382.358000000000298
382.480000000000298
382.606000000000298
382.735000000000298
382.881000000000298
383.008000000000299
383.162000000000299
383.294000000000299
383.433000000000299
383.559000000000299
383.685000000000299
383.839000000000299
384.091000000000299
384.2290000000003
384.3650000000003
384.5010000000003
384.6330000000003
384.7600000000003
384.8870000000003
385.464000000000301
385.611000000000301
385.749000000000301
385.890000000000301
386.020000000000301
386.160000000000301
386.300000000000301
386.426000000000302
386.556000000000302
386.959000000000302
387.124000000000302
387.276000000000302
387.412000000000302
387.545000000000303
387.673000000000303
387.808000000000303
388.092000000000303
388.230000000000303
388.380000000000303
388.520000000000303
388.666000000000304
388.807000000000304
388.949000000000304
389.080000000000304
389.214000000000304
389.512000000000304
389.629000000000304
389.785000000000305
389.840000000000305
389.921000000000305
389.989000000000305
390.077000000000305
390.483000000000305
390.626000000000305
390.761000000000305
390.821000000000305
390.904000000000306
391.046000000000306
391.102000000000306
391.195000000000306
391.900000000000306
392.032000000000307
392.179000000000307
392.226000000000307
392.305000000000307
392.472000000000307
392.599000000000307
392.723000000000307
392.862000000000307
392.990000000000307
393.134000000000308
393.281000000000308
393.419000000000308
393.570000000000308
393.735000000000308
393.876000000000308
394.009000000000308
395.076000000000309
395.207000000000309
395.346000000000309
395.49800000000031
395.64100000000031
395.76900000000031
395.90100000000031
396.06100000000031
396.19000000000031
396.32000000000031
396.45500000000031
396.600000000000311
396.735000000000311
396.878000000000311
397.019000000000311
397.156000000000311
397.457000000000311
397.595000000000311
397.750000000000312
397.901000000000312
397.971000000000312
398.061000000000312
398.226000000000312
398.299000000000312
398.396000000000312
398.535000000000312
399.547000000000313
399.689000000000313
399.857000000000313
400.001000000000314
400.050000000000314
400.146000000000314
400.197000000000314
400.300000000000314
400.422000000000314
400.561000000000314
400.632000000000314
400.724000000000314
400.885000000000314
401.017000000000315
401.533000000000315
401.691000000000315
401.822000000000315
401.993000000000315
402.132000000000316
402.256000000000316
402.392000000000316
402.529000000000316
402.662000000000316
402.796000000000316
402.953000000000316
403.095000000000316
403.268000000000317
403.426000000000317
403.568000000000317
403.621000000000317
403.722000000000317
403.886000000000317
403.946000000000317
404.040000000000317
404.099000000000317
404.193000000000317
404.265000000000317
404.361000000000318
404.416000000000318
404.507000000000318
404.629000000000318
405.335000000000318
405.426000000000318
405.512000000000318
405.667000000000319
405.804000000000319
405.921000000000319
406.054000000000319
406.184000000000319
406.323000000000319
406.469000000000319
406.528000000000319
406.622000000000319
406.77600000000032
406.89700000000032
407.02800000000032
407.44400000000032
407.60000000000032
407.73900000000032
407.902000000000321
408.025000000000321
408.156000000000321
408.288000000000321
408.430000000000321
408.592000000000321
408.727000000000321
408.868000000000322
408.999000000000322
409.161000000000322
409.302000000000322
409.463000000000322
409.604000000000322
409.756000000000322
409.926000000000322
410.080000000000323
410.217000000000323
410.276000000000323
410.365000000000323
410.539000000000323
410.604000000000323
410.687000000000323
410.748000000000323
410.832000000000323
410.963000000000323
411.021000000000323
411.114000000000324
411.254000000000324
411.810000000000324
411.925000000000324
412.110000000000324
412.244000000000324
412.311000000000325
412.400000000000325
412.463000000000325
412.562000000000325
412.706000000000325
412.840000000000325
413.000000000000325
413.122000000000325
413.253000000000325
413.396000000000326
413.552000000000326
413.696000000000326
413.828000000000326
413.885000000000326
413.977000000000326
414.144000000000326
414.316000000000326
414.450000000000326
415.553000000000327
415.726000000000328
415.845000000000328
415.972000000000328
416.107000000000328
416.241000000000328
416.376000000000328
416.512000000000328
416.672000000000328
416.805000000000329
416.944000000000329
417.350000000000329
633.874000000000521
634.020000000000521
634.148000000000522
634.259000000000522
634.378000000000522
634.492000000000522
634.622000000000522
634.742000000000522
634.862000000000522
634.986000000000522
635.108000000000522
635.221000000000522
635.338000000000523
635.458000000000523
635.706000000000523
635.855000000000523
635.975000000000523
636.237000000000523
636.369000000000524
636.861000000000524
637.006000000000524
637.130000000000524
637.264000000000524
637.384000000000524
637.524000000000525
637.636000000000525
637.761000000000525
637.881000000000525
638.010000000000525
638.143000000000525
638.407000000000525
638.532000000000525
638.694000000000526
638.809000000000526
638.946000000000526
639.067000000000526
639.195000000000526
641.550000000000528
641.704000000000528
641.825000000000528
641.952000000000528
642.089000000000529
642.211000000000529
642.344000000000529
642.481000000000529
642.591000000000529
642.714000000000529
642.838000000000529
643.27700000000053
643.41400000000053
643.49400000000053
643.58300000000053
643.70400000000053
643.82800000000053
643.96400000000053
644.26400000000053
644.388000000000531
644.461000000000531
644.547000000000531
644.697000000000531
644.821000000000531
645.083000000000531
645.216000000000531
645.491000000000532
645.637000000000532
645.798000000000532
645.923000000000532
646.055000000000532
646.191000000000532
646.329000000000532
646.449000000000532
646.581000000000533
647.017000000000533
647.158000000000533
647.222000000000533
647.316000000000533
647.464000000000533
647.604000000000534
647.733000000000534
647.863000000000534
647.988000000000534
648.126000000000534
648.293000000000534
648.435000000000534
648.600000000000534
648.724000000000534
648.854000000000535
648.988000000000535
649.119000000000535
649.272000000000535
649.404000000000535
649.687000000000535
649.812000000000535
649.978000000000536
650.124000000000536
650.483000000000536
650.605000000000536
650.745000000000536
650.887000000000536
651.018000000000537
651.170000000000537
651.296000000000537
651.432000000000537
651.567000000000537
651.707000000000537
651.868000000000537
652.049000000000537
652.162000000000538
653.090000000000538
653.227000000000538
653.390000000000539
653.526000000000539
653.672000000000539
653.826000000000539
653.980000000000539
654.106000000000539
654.51900000000054
654.64500000000054
654.83000000000054
654.97200000000054
655.11400000000054
655.24500000000054
655.37300000000054
655.783000000000541
655.938000000000541
656.081000000000541
656.241000000000541
656.307000000000541
656.392000000000541
656.481000000000541
656.572000000000542
656.627000000000542
656.703000000000542
656.843000000000542
656.978000000000542
657.721000000000542
657.880000000000543
658.046000000000543
658.094000000000543
658.189000000000543
658.242000000000543
658.330000000000543
658.388000000000543
658.481000000000543
658.541000000000543
658.626000000000543
658.792000000000543
658.866000000000544
659.098000000000544
659.379000000000544
659.510000000000544
659.676000000000544
659.833000000000544
659.995000000000544
660.171000000000545
660.325000000000545
660.679000000000545
660.827000000000545
660.961000000000545
661.237000000000546
661.389000000000546
661.470000000000546
661.560000000000546
661.633000000000546
661.722000000000546
661.877000000000546
662.065000000000546
662.191000000000546
662.243000000000546
662.331000000000547
662.399000000000547
662.469000000000547
662.834000000000547
662.900000000000547
662.978000000000547
663.114000000000547
663.667000000000548
663.814000000000548
663.973000000000548
664.114000000000548
664.259000000000548
664.384000000000548
664.519000000000548
664.662000000000549
664.812000000000549
664.970000000000549
665.103000000000549
665.253000000000549
665.385000000000549
665.92500000000055
666.09300000000055
666.24100000000055
666.31600000000055
666.40300000000055
666.52900000000055
666.66300000000055
666.799000000000551
666.956000000000551
667.117000000000551
667.254000000000551
667.388000000000551
667.528000000000551
667.694000000000551
667.870000000000552
668.010000000000552
668.144000000000552
668.277000000000552
668.410000000000552
668.545000000000552
668.705000000000552
668.893000000000552
669.047000000000553
669.237000000000553
669.419000000000553
669.498000000000553
669.580000000000553
669.742000000000553
669.879000000000553
670.017000000000553
670.152000000000554
670.291000000000554
670.698000000000554
670.839000000000554
670.981000000000554
671.126000000000554
671.269000000000554
671.415000000000555
671.543000000000555
671.697000000000555
671.839000000000555
671.977000000000555
672.129000000000555
672.519000000000556
672.643000000000556
672.784000000000556
672.928000000000556
673.073000000000556
673.225000000000556
673.362000000000556
673.497000000000556
673.640000000000557
673.794000000000557
673.948000000000557
674.103000000000557
674.240000000000557
674.377000000000557
674.798000000000558
674.962000000000558
675.095000000000558
675.164000000000558
675.258000000000558
675.404000000000558
675.546000000000558
675.682000000000558
675.841000000000559
675.963000000000559
676.095000000000559
676.254000000000559
676.339000000000559
676.437000000000559
676.647000000000559
676.767000000000559
676.91300000000056
677.06200000000056
677.20700000000056
677.36900000000056
677.51700000000056
677.65300000000056
677.79200000000056
677.92400000000056
678.077000000000561
678.240000000000561
678.368000000000561
678.500000000000561
678.637000000000561
678.811000000000561
678.953000000000561
679.094000000000562
679.236000000000562
679.382000000000562
679.513000000000562
679.658000000000562
679.834000000000562
679.926000000000562
680.008000000000562
680.154000000000562
680.318000000000563
680.394000000000563
680.477000000000563
680.573000000000563
680.655000000000563
680.824000000000563
680.950000000000563
681.658000000000564
681.810000000000564
681.952000000000564
682.077000000000564
682.221000000000564
682.362000000000564
682.498000000000564
682.636000000000565
682.776000000000565
683.396000000000565
683.516000000000565
683.681000000000566
683.830000000000566
683.966000000000566
684.124000000000566
684.260000000000566
684.411000000000566
684.574000000000566
684.713000000000566
684.845000000000567
685.576000000000567
685.724000000000567
685.891000000000568
686.035000000000568
686.197000000000568
686.318000000000568
686.451000000000568
686.583000000000568
686.721000000000568
686.864000000000568
686.998000000000568
687.069000000000569
687.154000000000569
687.280000000000569
687.414000000000569
687.569000000000569
687.700000000000569
687.841000000000569
688.24700000000057
688.42800000000057
688.57000000000057
688.72800000000057
688.88300000000057
689.02200000000057
689.17600000000057
689.316000000000571
689.449000000000571
689.583000000000571
689.727000000000571
689.882000000000571
690.013000000000571
690.151000000000571
690.316000000000571
691.037000000000572
691.168000000000572
691.313000000000572
691.453000000000572
691.928000000000573
692.062000000000573
692.201000000000573
692.349000000000573
692.479000000000573
692.621000000000574
692.878000000000574
693.289000000000574
693.409000000000574
693.482000000000574
693.560000000000574
693.699000000000574
693.840000000000575
693.984000000000575
694.111000000000575
694.247000000000575
694.382000000000575
694.514000000000575
694.664000000000575
694.825000000000575
696.538000000000577
696.664000000000577
696.794000000000577
696.932000000000577
697.063000000000577
697.193000000000578
697.320000000000578
697.447000000000578
697.571000000000578
697.709000000000578
697.837000000000578
697.968000000000578
698.097000000000578
699.241000000000579
699.37800000000058
699.51700000000058
699.64800000000058
701.535000000000581
701.662000000000582
701.802000000000582
701.943000000000582
702.072000000000582
703.360000000000583
1917.66800000000166
1917.79800000000166
1918.05600000000166
1918.16800000000166
1918.29000000000166
1918.40900000000166
1918.53800000000166
1918.67200000000166
1918.80700000000166
1918.93600000000166
1919.06000000000166
1919.18000000000166
1919.28900000000166
1919.41100000000166
1919.52900000000166
1919.65700000000166
1919.80800000000166
1919.92900000000166
1920.05800000000166
1920.19700000000166
1920.68100000000166
1920.83000000000166
1920.96300000000166
1921.09200000000166
1921.22400000000166
1921.34900000000166
1921.61500000000166
1921.74800000000166
1921.90500000000167
1922.05200000000167
1922.18500000000167
1922.30600000000167
1923.12400000000167
1923.26600000000167
1923.41700000000167
1923.54600000000167
1923.67400000000167
1923.79700000000167
1923.92600000000167
1924.62900000000167
1924.77800000000167
1924.95200000000167
1925.08400000000167
1925.20800000000167
1926.14900000000167
1926.29400000000167
1926.45200000000167
1926.58200000000167
1927.26400000000167
1927.41500000000167
1927.56600000000167
1927.70100000000167
1927.84300000000167
1927.99100000000167
1928.23500000000167
1928.35900000000167
1928.75600000000167
1928.91900000000167
1929.06000000000167
1929.18400000000167
1929.31100000000167
1930.00600000000167
1930.15600000000167
1930.31300000000167
1930.44700000000167
1930.58900000000167
1930.71100000000167
1931.52800000000167
1931.68800000000167
1931.83400000000167
1931.96000000000167
1932.09500000000167
1932.23300000000167
1932.36000000000167
1933.09900000000168
1933.25000000000168
1933.41600000000168
1933.55800000000168
1933.70500000000168
1933.83700000000168
1933.97100000000168
1934.11900000000168
1934.24100000000168
1934.84100000000168
1934.99100000000168
1935.15000000000168
1935.28400000000168
1935.41200000000168
1935.57400000000168
1935.70700000000168
1935.84500000000168
1936.53400000000168
1936.68600000000168
1936.83700000000168
1936.99100000000168
1937.11500000000168
1937.25000000000168
1937.38400000000168
1937.51700000000168
1938.23400000000168
1938.39100000000168
1938.53900000000168
1938.67900000000168
1938.81500000000168
1938.95000000000168
1939.24100000000168
1939.38900000000168
1939.55700000000168
1939.72100000000168
1939.88300000000168
1940.06900000000168
1940.23700000000168
1940.40500000000168
1940.54700000000168
1940.68300000000168
1940.82900000000168
1940.97100000000168
1941.12600000000168
1941.27100000000168
1941.42900000000168
1941.55700000000168
1941.69400000000168
1941.84500000000168
1941.97900000000168
1942.11500000000168
1942.24900000000168
1943.18000000000168
1943.30900000000168
1943.47600000000168
1943.61900000000168
1943.75700000000168
1943.89000000000168
1944.02900000000168
1944.16100000000168
1944.30400000000169
1944.44000000000169
1944.58600000000169
1944.73300000000169
1944.87700000000169
1945.00900000000169
1945.14700000000169
1945.28100000000169
1945.42500000000169
1945.57600000000169
1945.73400000000169
1945.88200000000169
1946.01800000000169
1946.46600000000169
1946.63200000000169
1946.79000000000169
1946.94800000000169
1947.11200000000169
1947.29700000000169
1947.46200000000169
1947.60600000000169
1947.73400000000169
1948.16900000000169
1948.29400000000169
1948.47600000000169
1948.61300000000169
1948.75500000000169
1948.88400000000169
1949.02300000000169
1949.16500000000169
1949.31500000000169
1949.45300000000169
1949.58000000000169
1949.71500000000169
1950.28200000000169
1950.43500000000169
1950.58300000000169
1950.72600000000169
1950.87200000000169
1951.01400000000169
1951.15100000000169
1951.29900000000169
1951.38900000000169
1951.47700000000169
1951.54500000000169
1951.64600000000169
1951.79500000000169
1951.97000000000169
1952.11700000000169
1952.25500000000169
1952.94000000000169
1953.09400000000169
1953.25300000000169
1953.42300000000169
1953.57100000000169
1953.71600000000169
1953.86600000000169
1954.01900000000169
1954.16100000000169
1954.30800000000169
1954.46400000000169
1954.62600000000169
1954.81300000000169
1954.97900000000169
1955.13300000000169
1955.26300000000169
1955.6820000000017
1955.8380000000017
1956.8850000000017
1957.0150000000017
1957.1790000000017
1957.3200000000017
1957.4580000000017
1957.5850000000017
1957.7110000000017
1958.0030000000017
1958.1230000000017
1958.2840000000017
1958.4230000000017
1958.5650000000017
1958.6970000000017
1958.8340000000017
1958.9700000000017
1959.1090000000017
1959.2520000000017
1959.3790000000017
1959.5150000000017
1959.6440000000017
1959.7860000000017
1960.0520000000017
1960.1920000000017
1960.3470000000017
1960.4910000000017
1960.6470000000017
1960.7820000000017
1960.9170000000017
1961.0500000000017
1961.1890000000017
1961.3540000000017
1961.5030000000017
1961.6470000000017
1961.8040000000017
1961.9640000000017
1962.1500000000017
1962.2590000000017
1962.3450000000017
1962.5280000000017
1962.6790000000017
1962.8170000000017
1962.9560000000017
1963.0990000000017
1963.2510000000017
1963.3960000000017
1963.5280000000017
1965.0160000000017
1965.1680000000017
1965.3230000000017
1965.4640000000017
1965.6070000000017
1965.7440000000017
1965.8860000000017
1966.0390000000017
1966.1760000000017
1966.3260000000017
1966.4670000000017
1966.6120000000017
1966.75000000000171
1966.88400000000171
1967.01600000000171
1967.86500000000171
1968.01900000000171
1968.16700000000171
1968.32300000000171
1968.48800000000171
1968.63900000000171
1968.80400000000171
1968.96200000000171
1969.12700000000171
1969.28800000000171
1969.42500000000171
1969.56400000000171
1969.69500000000171
1970.24000000000171
1970.39500000000171
1970.55000000000171
1970.70500000000171
1970.85700000000171
1971.05900000000171
1971.15500000000171
1971.24700000000171
1971.32400000000171
1971.40600000000171
1971.55500000000171
1971.71500000000171
1971.91800000000171
1972.06800000000171
1972.19800000000171
1972.35000000000171
1972.48100000000171
1972.63900000000171
1972.80500000000171
1972.97200000000171
1973.11200000000171
1973.26600000000171
1973.43000000000171
1973.60400000000171
1973.75400000000171
1973.89900000000171
1976.27700000000171
1976.39900000000171
1976.55300000000171
1976.69100000000171
1976.83400000000171
1976.96200000000171
1977.08900000000171
1977.21800000000171
1977.36500000000171
1977.48800000000171
1977.62300000000171
1977.75200000000171
1977.88600000000172
1978.01600000000172
1978.15200000000172
1978.29600000000172
1978.43500000000172
1978.56900000000172
1978.70700000000172
1979.14900000000172
1979.29900000000172
1979.44700000000172
1979.60600000000172
1979.78200000000172
1979.94200000000172
1980.10000000000172
1980.27000000000172
1980.45000000000172
1980.61400000000172
1980.68700000000172
1980.76000000000172
1980.89300000000172
1981.75000000000172
1981.90400000000172
1982.04000000000172
1982.19100000000172
1982.31400000000172
1982.45000000000172
1982.59000000000172
1982.74000000000172
1982.87300000000172
1983.00800000000172
1983.14000000000172
1983.27500000000172
1983.41100000000172
1983.54900000000172
1983.69700000000172
1985.19000000000172
1985.28100000000172
1985.43600000000172
1985.56200000000172
1985.69800000000172
1985.83300000000172
1985.97400000000172
1986.11500000000172
1986.26000000000172
1986.39700000000172
1986.53600000000172
1986.71900000000172
1986.84100000000172
1986.98600000000172
1987.12900000000172
1987.27400000000172
1987.41900000000172
1987.58000000000172
1987.72500000000172
1987.87000000000172
1988.01300000000172
1988.16600000000172
1988.33600000000172
1988.51900000000172
1988.70600000000172
1988.84800000000172
1988.99100000000172
1989.13200000000172
1989.27700000000172
1989.45000000000173
1989.63300000000173
1989.77500000000173
1991.82200000000173
1991.95600000000173
1992.10300000000173
1992.24100000000173
1992.38800000000173
1992.52200000000173
1992.64900000000173
1992.78000000000173
1992.91700000000173
1993.05000000000173
1994.07600000000173
1994.21100000000173
1994.38900000000173
1994.53000000000173
1994.68000000000173
1994.73300000000173
1994.81700000000173
1994.95200000000173
1995.09000000000173
1995.22800000000173
1995.37100000000173
1995.52200000000173
1995.66500000000173
1995.74300000000173
1995.82400000000173
1995.95500000000173
1996.10700000000173
1996.27700000000173
1996.35600000000173
1996.45600000000173
1996.57800000000173
1996.85200000000173
1996.99600000000173
1997.17100000000173
1997.29100000000173
1997.42200000000173
1997.56700000000173
1997.72400000000173
1997.87200000000173
1997.92800000000173
1998.02700000000173
1998.18300000000173
1998.24500000000173
1998.32600000000173
1998.46100000000173
1998.61400000000173
1998.73800000000173
1998.86700000000173
1999.01600000000173
1999.16700000000173
1999.31800000000173
1999.72200000000173
1999.88300000000173
2000.03100000000173
2000.17000000000173
2000.32400000000173
2000.46000000000174
2356.10799999996784
2356.76599999996777
2356.89999999996776
2357.02199999996774
2357.14799999996773
2357.25999999996772
2357.3889999999677
2357.50299999996769
2357.62799999996768
2357.86799999996765
2357.98599999996764
2358.10899999996762
2358.23899999996761
2358.37099999996759
2358.49299999996758
2358.62999999996757
2358.75399999996755
2358.87899999996754
2359.01499999996752
2359.17099999996751
2359.32199999996749
2359.45399999996748
2359.58499999996746
2359.73199999996744
2359.84699999996743
2360.61999999996735
2360.76399999996733
2360.90499999996732
2361.0379999999673
2361.17199999996729
2361.29299999996727
2361.41199999996726
2361.55899999996724
2361.63699999996724
2361.72499999996723
2361.86699999996721
2361.9879999999672
2362.79899999996711
2362.94899999996709
2363.08899999996708
2363.21799999996706
2363.34299999996705
2363.46799999996703
2364.18699999996695
2364.25099999996695
2364.32199999996694
2364.48199999996692
2364.59899999996691
2364.73699999996689
2364.86099999996688
2364.98799999996687
2365.13899999996685
2365.25699999996684
2365.96699999996676
2366.12099999996674
2366.25499999996673
2366.39099999996671
2366.5219999999667
2366.65499999996668
2366.79199999996667
2366.91099999996665
2367.18199999996662
2367.32299999996661
2367.47199999996659
2367.61999999996658
2367.76599999996656
2367.90199999996654
2368.05599999996653
2368.19599999996651
2368.3419999999665
2368.48199999996648
2368.61499999996647
2369.34199999996639
2369.48999999996637
2369.66299999996635
2369.80599999996634
2369.88699999996633
2369.97699999996632
2370.1289999999663
2370.28599999996628
2370.35199999996628
2370.44899999996626
2370.59899999996625
2371.34599999996617
2371.49699999996615
2371.67299999996613
2371.80799999996612
2371.9499999999661
2372.08199999996608
2372.21499999996607
2372.34299999996606
2373.21099999996596
2373.36299999996594
2373.50699999996593
2373.64299999996591
2373.7949999999659
2373.92699999996588
2374.09099999996586
2374.21899999996585
2374.35199999996583
2374.48399999996582
2374.61899999996581
2375.06199999996576
2375.12099999996575
2375.21599999996574
2375.30999999996573
2375.40699999996572
2375.5519999999657
2375.70699999996569
2375.84199999996567
2375.97199999996566
2376.10299999996564
2376.38999999996561
2376.55099999996559
2376.72799999996557
2376.86499999996556
2377.01799999996554
2377.15199999996553
2377.29599999996551
2377.44499999996549
2377.60199999996548
2377.72199999996546
2377.85799999996545
2378.3119999999654
2378.44099999996538
2378.61599999996537
2378.77199999996535
2378.90699999996533
2379.05999999996532
2379.2099999999653
2379.33699999996529
2379.46499999996527
2379.60099999996526
2379.87199999996523
2379.92899999996522
2380.04299999996521
2380.18199999996519
2380.33499999996518
2380.49299999996516
2380.65199999996514
2380.81599999996512
2380.95399999996511
2381.09499999996509
2381.24199999996508
2381.31099999996507
2381.39599999996506
2381.54399999996504
2381.67699999996503
2381.81299999996501
2381.948999999965
2382.08299999996498
2382.21199999996497
2382.8019999999649
2382.94899999996489
2383.11199999996487
2383.25399999996485
2383.38799999996484
2383.52199999996482
2383.66099999996481
2383.79999999996479
2383.94699999996478
2384.08299999996476
2384.21899999996475
2384.34999999996473
2384.49699999996472
2384.6579999999647
2384.78099999996469
2384.96499999996467
2385.14999999996465
2385.28599999996463
2385.42699999996462
2385.5579999999646
2385.70299999996458
2385.86099999996457
2386.00199999996455
2386.13799999996454
2386.27299999996452
2386.40999999996451
2386.54699999996449
2386.69399999996448
2386.82999999996446
2386.96399999996445
2387.09399999996443
2387.67199999996437
2387.83599999996435
2387.99199999996433
2388.12199999996432
2388.2619999999643
2388.39699999996429
2388.54799999996427
2388.69999999996425
2388.84099999996424
2388.98699999996422
2389.13199999996421
2389.29099999996419
2389.42199999996418
2389.55399999996416
2389.69799999996414
2389.87099999996413
2390.05499999996411
2390.26399999996408
2390.42499999996406
2390.61299999996404
2390.77199999996403
2390.89999999996401
2391.031999999964
2391.17499999996398
2391.32899999996396
2391.49799999996395
2391.64199999996393
2391.78999999996391
2391.9329999999639
2392.07199999996388
2392.23099999996387
2392.38799999996385
2392.51599999996383
2394.93199999996357
2395.07699999996355
2395.21599999996354
2395.36499999996352
2395.49999999996351
2395.62699999996349
2395.76899999996348
2395.90199999996346
2396.03499999996345
2396.17399999996343
2396.31899999996342
2396.4609999999634
2396.61899999996338
2396.75499999996337
2396.88399999996335
2397.02799999996334
2397.19999999996332
2397.3429999999633
2397.49599999996329
2397.65799999996327
2397.81299999996325
2397.94799999996324
2398.08899999996322
2398.2309999999632
2398.39999999996319
2398.47099999996318
2398.55099999996317
2398.69399999996315
2398.85499999996314
2398.99499999996312
2399.12599999996311
2399.27599999996309
2399.44499999996307
2399.59399999996305
2399.92199999996302
2400.054999999963
2400.74099999996293
2400.88899999996291
2401.07599999996289
2401.21599999996288
2401.36699999996286
2401.53299999996284
2401.69199999996282
2401.8659999999628
2402.30599999996276
2402.44399999996274
2402.60599999996272
2402.74999999996271
2402.91199999996269
2403.06599999996267
2403.11799999996267
2403.19999999996266
2403.25999999996265
2403.34199999996264
2403.48499999996263
2403.57999999996262
2403.6829999999626
2403.84499999996259
2403.97699999996257
2404.11099999996256
2405.17499999996244
2405.34699999996242
2405.48099999996241
2405.61199999996239
2405.74899999996238
2405.88199999996236
2406.02299999996235
2406.15799999996233
2406.29199999996232
2406.4239999999623
2406.58199999996229
2406.70699999996227
2406.85099999996226
2406.98999999996224
2407.13199999996222
2407.27099999996221
2407.40199999996219
2407.82999999996215
2407.98599999996213
2408.12399999996212
2408.2959999999621
2408.44099999996208
2408.60399999996206
2408.66299999996206
2408.74899999996205
2408.88899999996203
2409.02999999996202
2409.162999999962
2409.59599999996195
2409.76099999996194
2409.90499999996192
2410.0479999999619
2410.18299999996189
2410.32499999996187
2410.46599999996186
-4
47.5570000000000006
88.4140000000000369
88.7190000000000372
89.1010000000000375
89.4540000000000378
89.5810000000000379
89.8540000000000382
89.9800000000000383
90.0990000000000384
90.2090000000000385
90.3430000000000386
90.4600000000000387
90.5810000000000388
90.7070000000000389
90.827000000000039
90.9480000000000391
91.0670000000000392
91.1910000000000393
91.3210000000000395
91.4390000000000396
91.5620000000000397
91.6910000000000398
91.8360000000000399
91.95800000000004
92.0790000000000401
92.7430000000000407
92.8790000000000408
93.017000000000041
93.1510000000000411
93.2770000000000412
93.4060000000000413
93.5260000000000414
93.6470000000000415
94.0670000000000419
94.219000000000042
94.3550000000000422
94.4880000000000423
94.6210000000000424
94.7560000000000425
94.8990000000000426
95.0230000000000428
95.1450000000000429
95.6070000000000433
95.7340000000000434
95.8760000000000435
96.0130000000000436
96.1440000000000438
96.2760000000000439
96.411000000000044
96.5410000000000441
97.1020000000000446
97.2600000000000447
97.4000000000000449
97.538000000000045
97.6680000000000451
97.8100000000000452
97.9470000000000454
98.0880000000000455
98.2070000000000456
98.3420000000000457
98.9500000000000462
99.0990000000000464
99.2450000000000465
99.3850000000000466
99.5200000000000467
99.6570000000000469
99.791000000000047
99.9230000000000471
100.0680000000000472
100.2110000000000474
100.3550000000000475
100.4900000000000476
100.6390000000000477
100.7590000000000478
101.1950000000000482
101.3470000000000484
101.4950000000000485
101.6160000000000486
101.7540000000000487
101.9020000000000489
102.066000000000049
102.1980000000000491
102.3200000000000492
102.4420000000000493
102.5730000000000495
103.18500000000005
103.3280000000000501
103.4710000000000502
103.6100000000000504
103.7640000000000505
103.9140000000000506
104.0480000000000508
104.1920000000000509
104.344000000000051
104.4790000000000512
104.6160000000000513
104.7530000000000514
104.9160000000000515
105.0810000000000517
105.2120000000000518
105.3370000000000519
105.493000000000052
105.6270000000000522
105.7700000000000523
105.8970000000000524
106.0430000000000525
106.1890000000000527
106.3440000000000528
106.4790000000000529
106.6260000000000531
106.7550000000000532
106.8890000000000533
107.0210000000000534
107.1740000000000535
107.3230000000000537
107.5060000000000538
107.6230000000000539
107.7830000000000541
107.8940000000000542
108.0310000000000543
108.1760000000000544
108.3030000000000546
108.4460000000000547
108.8770000000000551
109.0240000000000552
109.3180000000000554
109.4500000000000556
109.5960000000000557
109.7370000000000558
109.888000000000056
110.0110000000000561
110.1700000000000562
110.3040000000000563
110.4280000000000564
110.5570000000000566
110.8470000000000568
110.9930000000000569
111.1440000000000571
111.3030000000000572
111.4340000000000573
111.5720000000000574
111.7120000000000576
111.8550000000000577
111.9960000000000578
112.138000000000058
112.2710000000000581
112.4140000000000582
112.5520000000000583
112.6800000000000584
112.8310000000000586
112.9840000000000587
113.1200000000000588
113.2570000000000589
113.3910000000000591
113.5680000000000592
113.6940000000000593
113.8160000000000594
113.9690000000000596
114.1120000000000597
114.2690000000000598
114.41300000000006
114.5590000000000601
114.7250000000000602
115.0080000000000605
115.1320000000000606
115.2830000000000607
115.4080000000000609
115.555000000000061
115.6970000000000611
115.8320000000000612
115.9600000000000613
116.1090000000000615
116.2220000000000616
116.9950000000000623
117.1320000000000624
117.2740000000000625
117.4260000000000626
117.5680000000000628
117.7260000000000629
117.860000000000063
117.9990000000000632
118.1390000000000633
118.2840000000000634
118.4260000000000635
118.5690000000000637
118.7050000000000638
118.8560000000000639
119.004000000000064
119.1470000000000642
119.2900000000000643
119.4420000000000644
119.6110000000000646
119.7480000000000647
119.8930000000000648
120.054000000000065
120.1820000000000651
120.3270000000000652
120.4680000000000654
120.6160000000000655
120.7470000000000656
120.9010000000000657
121.0490000000000659
121.169000000000066
121.3120000000000661
121.4590000000000662
121.6050000000000664
121.7490000000000665
121.8920000000000666
122.0300000000000667
122.1940000000000669
122.321000000000067
122.4670000000000671
122.6330000000000673
122.7570000000000674
122.8930000000000675
123.468000000000068
123.6130000000000682
123.7650000000000683
124.1890000000000687
124.3200000000000688
124.4560000000000689
124.588000000000069
124.7280000000000691
124.8840000000000693
125.0240000000000694
125.1690000000000695
125.3150000000000696
125.4700000000000698
125.5960000000000699
125.72800000000007
125.8730000000000702
126.0400000000000703
126.1650000000000704
126.3110000000000705
126.4430000000000707
126.6000000000000708
126.7290000000000709
126.863000000000071
126.9990000000000712
127.1540000000000713
127.2950000000000714
127.4440000000000716
127.5860000000000717
127.922000000000072
128.035000000000072
128.170000000000072
128.336000000000072
128.448000000000072
128.590000000000073
128.738000000000073
128.892000000000073
129.030000000000073
129.171000000000073
129.342000000000073
129.499000000000073
129.616000000000073
129.718000000000074
130.195000000000074
130.334000000000074
130.483000000000074
130.637000000000074
130.779000000000075
130.903000000000075
131.052000000000075
131.197000000000075
131.353000000000075
131.472000000000075
131.606000000000075
132.191000000000076
132.336000000000076
132.482000000000076
132.622000000000076
132.767000000000076
132.911000000000076
133.055000000000077
133.198000000000077
133.352000000000077
133.505000000000077
133.655000000000077
133.782000000000077
133.934000000000077
134.074000000000077
134.221000000000078
134.367000000000078
134.530000000000078
134.659000000000078
134.787000000000078
134.915000000000078
135.239000000000078
135.377000000000079
135.522000000000079
135.672000000000079
135.807000000000079
135.947000000000079
136.090000000000079
136.230000000000079
136.373000000000079
136.51300000000008
136.65500000000008
136.92500000000008
137.06900000000008
137.21700000000008
137.38400000000008
137.555000000000081
137.698000000000081
137.826000000000081
137.998000000000081
138.157000000000081
138.331000000000081
138.426000000000081
139.033000000000082
139.180000000000082
139.335000000000082
139.486000000000082
139.633000000000082
139.777000000000082
139.918000000000083
140.067000000000083
140.188000000000083
140.664000000000083
140.813000000000083
140.971000000000084
141.144000000000084
141.279000000000084
141.413000000000084
141.547000000000084
141.993000000000084
142.153000000000085
142.302000000000085
142.443000000000085
142.609000000000085
142.758000000000085
142.897000000000085
143.035000000000085
143.178000000000086
143.335000000000086
143.473000000000086
143.617000000000086
143.758000000000086
143.892000000000086
144.021000000000086
144.507000000000087
144.662000000000087
144.827000000000087
144.976000000000087
145.108000000000087
145.231000000000087
145.388000000000087
145.521000000000088
145.652000000000088
145.775000000000088
146.374000000000088
146.535000000000088
146.677000000000089
146.818000000000089
146.951000000000089
147.092000000000089
147.239000000000089
147.377000000000089
147.80500000000009
147.97100000000009
148.12400000000009
148.26400000000009
148.41700000000009
148.55600000000009
148.70800000000009
149.475000000000091
149.616000000000091
149.748000000000091
149.903000000000091
150.045000000000092
150.257000000000092
150.313000000000092
150.437000000000092
150.568000000000092
150.703000000000092
150.849000000000092
151.008000000000092
151.146000000000093
151.277000000000093
151.414000000000093
151.554000000000093
153.822000000000095
153.940000000000095
153.957000000000095
154.067000000000095
154.205000000000095
154.330000000000095
154.460000000000096
154.601000000000096
154.736000000000096
155.021000000000096
155.191000000000096
155.336000000000096
155.475000000000096
155.621000000000097
155.744000000000097
156.017000000000097
161.139000000000101
161.339000000000102
161.756000000000102
161.934000000000102
162.137000000000102
163.183000000000103
163.391000000000103
163.695000000000104
163.830000000000104
163.967000000000104
164.096000000000104
164.240000000000104
164.357000000000104
164.486000000000104
164.599000000000105
165.166000000000105
165.309000000000105
165.444000000000105
165.581000000000105
165.719000000000106
165.834000000000106
166.238000000000106
166.384000000000106
166.531000000000106
166.658000000000106
166.793000000000106
166.906000000000107
167.021000000000107
167.451000000000107
167.600000000000107
167.737000000000107
167.886000000000107
168.044000000000108
168.155000000000108
168.286000000000108
168.839000000000108
168.995000000000108
169.022000000000108
169.193000000000109
169.294000000000109
169.325000000000109
169.478000000000109
169.598000000000109
169.628000000000109
169.764000000000109
169.797000000000109
169.914000000000109
170.48500000000011
170.63100000000011
170.64900000000011
170.78100000000011
170.92600000000011
171.07800000000011
171.20800000000011
171.821000000000111
171.939000000000111
172.129000000000111
172.275000000000111
172.437000000000112
172.563000000000112
172.671000000000112
172.800000000000112
173.274000000000112
173.443000000000112
173.588000000000113
173.699000000000113
173.887000000000113
174.004000000000113
174.117000000000113
174.134000000000113
174.247000000000113
174.388000000000113
174.402000000000113
174.584000000000113
174.695000000000114
174.818000000000114
175.245000000000114
175.504000000000114
175.587000000000114
175.754000000000114
175.855000000000115
175.986000000000115
176.139000000000115
176.160000000000115
176.303000000000115
176.423000000000115
176.594000000000115
176.726000000000115
176.859000000000115
176.994000000000116
177.127000000000116
177.266000000000116
177.284000000000116
177.434000000000116
177.450000000000116
177.593000000000116
177.754000000000116
177.859000000000116
178.043000000000116
178.251000000000117
178.397000000000117
178.555000000000117
178.743000000000117
178.865000000000117
178.896000000000117
179.069000000000117
179.092000000000117
179.262000000000118
179.373000000000118
179.447000000000118
180.150000000000118
180.280000000000118
180.425000000000119
180.563000000000119
180.716000000000119
180.849000000000119
180.974000000000119
181.097000000000119
181.368000000000119
181.53300000000012
181.68000000000012
181.81800000000012
181.95600000000012
182.10600000000012
182.22700000000012
182.35100000000012
182.48900000000012
182.632000000000121
182.768000000000121
182.892000000000121
183.794000000000122
183.928000000000122
184.067000000000122
184.226000000000122
184.367000000000122
184.510000000000122
184.652000000000122
184.775000000000122
184.917000000000123
185.047000000000123
185.191000000000123
185.346000000000123
185.475000000000123
185.598000000000123
186.034000000000124
186.172000000000124
186.292000000000124
292.286000000000218
292.360000000000218
292.416000000000218
292.535000000000218
292.921000000000218
293.063000000000219
293.188000000000219
293.306000000000219
293.425000000000219
293.542000000000219
293.653000000000219
294.17800000000022
294.32400000000022
294.45100000000022
294.59600000000022
294.71000000000022
294.82600000000022
294.93900000000022
295.05200000000022
295.341000000000221
295.481000000000221
295.612000000000221
295.737000000000221
295.880000000000221
296.009000000000221
296.127000000000221
296.244000000000221
296.935000000000222
297.072000000000222
297.192000000000222
297.324000000000222
297.466000000000223
297.592000000000223
297.712000000000223
298.413000000000223
298.555000000000224
298.685000000000224
298.809000000000224
298.939000000000224
299.058000000000224
299.193000000000224
299.627000000000224
299.762000000000225
299.906000000000225
299.922000000000225
300.029000000000225
300.166000000000225
300.290000000000225
300.421000000000225
300.572000000000225
300.697000000000225
300.809000000000226
301.528000000000226
301.674000000000226
301.816000000000226
301.950000000000227
302.082000000000227
302.200000000000227
302.323000000000227
302.466000000000227
302.604000000000227
302.750000000000227
302.905000000000227
303.026000000000228
303.152000000000228
303.837000000000228
303.986000000000228
304.121000000000228
304.269000000000229
304.407000000000229
304.547000000000229
304.671000000000229
304.789000000000229
305.80000000000023
305.92600000000023
306.07300000000023
306.19400000000023
306.31500000000023
306.439000000000231
307.125000000000231
307.272000000000231
307.404000000000231
307.538000000000232
307.659000000000232
307.796000000000232
307.937000000000232
308.090000000000232
308.225000000000232
308.342000000000232
309.072000000000233
309.216000000000233
309.353000000000233
309.484000000000233
309.600000000000233
312.824000000000236
312.982000000000236
313.129000000000236
313.261000000000237
313.797000000000237
313.947000000000237
314.085000000000237
314.217000000000237
314.340000000000238
314.463000000000238
314.588000000000238
314.836000000000238
315.006000000000238
315.143000000000238
315.266000000000238
315.391000000000238
316.88700000000024
318.931000000000242
319.268000000000242
319.401000000000242
319.524000000000242
319.652000000000242
319.783000000000242
319.903000000000242
320.016000000000243
320.142000000000243
370.999000000000288
371.085000000000288
371.195000000000288
371.312000000000288
371.416000000000288
371.538000000000288
371.662000000000288
371.788000000000289
371.898000000000289
372.024000000000289
372.146000000000289
372.272000000000289
372.396000000000289
372.515000000000289
372.629000000000289
372.736000000000289
373.01000000000029
373.14000000000029
373.26500000000029
373.39500000000029
373.52000000000029
373.64100000000029
373.76000000000029
373.87900000000029
374.023000000000291
374.163000000000291
374.309000000000291
374.427000000000291
374.542000000000291
374.689000000000291
374.814000000000291
374.946000000000291
375.065000000000291
375.198000000000292
375.322000000000292
375.458000000000292
375.565000000000292
376.263000000000293
376.398000000000293
376.529000000000293
376.652000000000293
376.791000000000293
376.896000000000293
377.793000000000294
377.930000000000294
377.951000000000294
378.056000000000294
378.185000000000294
378.315000000000294
378.437000000000294
378.560000000000295
378.674000000000295
379.086000000000295
379.226000000000295
379.360000000000295
379.489000000000295
379.610000000000296
379.725000000000296
380.555000000000296
380.697000000000296
380.818000000000297
380.943000000000297
381.073000000000297
381.208000000000297
381.331000000000297
381.449000000000297
381.996000000000298
382.149000000000298
382.305000000000298
382.401000000000298
382.527000000000298
382.646000000000298
382.773000000000298
382.911000000000298
383.074000000000299
383.218000000000299
383.357000000000299
383.485000000000299
383.613000000000299
383.729000000000299
383.867000000000299
384.1470000000003
384.2900000000003
384.4230000000003
384.5630000000003
384.6870000000003
384.8050000000003
384.9290000000003
385.528000000000301
385.663000000000301
385.803000000000301
385.932000000000301
386.079000000000301
386.205000000000301
386.347000000000302
386.473000000000302
386.595000000000302
387.030000000000302
387.187000000000302
387.336000000000302
387.472000000000302
387.596000000000303
387.715000000000303
387.836000000000303
388.150000000000303
388.297000000000303
388.439000000000303
388.583000000000303
388.725000000000304
388.868000000000304
389.003000000000304
389.126000000000304
389.243000000000304
389.549000000000304
389.702000000000304
389.839000000000305
389.849000000000305
389.986000000000305
390.011000000000305
390.141000000000305
390.545000000000305
390.674000000000305
390.818000000000305
390.832000000000305
390.955000000000306
391.096000000000306
391.123000000000306
391.279000000000306
391.947000000000306
392.095000000000307
392.223000000000307
392.234000000000307
392.373000000000307
392.523000000000307
392.641000000000307
392.777000000000307
392.901000000000307
393.038000000000307
393.191000000000308
393.332000000000308
393.478000000000308
393.654000000000308
393.810000000000308
393.926000000000308
394.049000000000308
395.131000000000309
395.266000000000309
395.41100000000031
395.55600000000031
395.68900000000031
395.82100000000031
395.96200000000031
396.10900000000031
396.24000000000031
396.37200000000031
396.51600000000031
396.650000000000311
396.789000000000311
396.932000000000311
397.069000000000311
397.193000000000311
397.510000000000311
397.663000000000312
397.829000000000312
397.966000000000312
397.988000000000312
398.148000000000312
398.290000000000312
398.356000000000312
398.477000000000312
398.576000000000312
399.606000000000313
399.805000000000313
399.923000000000314
400.045000000000314
400.074000000000314
400.195000000000314
400.230000000000314
400.337000000000314
400.463000000000314
400.622000000000314
400.664000000000314
400.837000000000314
400.929000000000314
401.044000000000315
401.601000000000315
401.741000000000315
401.891000000000315
402.076000000000315
402.172000000000316
402.299000000000316
402.438000000000316
402.574000000000316
402.700000000000316
402.815000000000316
403.011000000000316
403.194000000000316
403.385000000000317
403.496000000000317
403.615000000000317
403.635000000000317
403.784000000000317
403.941000000000317
403.981000000000317
404.095000000000317
404.112000000000317
404.253000000000317
404.275000000000317
404.409000000000318
404.460000000000318
404.544000000000318
404.660000000000318
405.417000000000318
405.438000000000318
405.607000000000319
405.719000000000319
405.844000000000319
405.974000000000319
406.098000000000319
406.225000000000319
406.370000000000319
406.522000000000319
406.537000000000319
406.68300000000032
406.83600000000032
406.94300000000032
407.06200000000032
407.50900000000032
407.65200000000032
407.795000000000321
407.946000000000321
408.071000000000321
408.198000000000321
408.335000000000321
408.497000000000321
408.639000000000321
408.782000000000321
408.913000000000322
409.037000000000322
409.208000000000322
409.373000000000322
409.559000000000322
409.673000000000322
409.828000000000322
410.031000000000322
410.180000000000323
410.273000000000323
410.289000000000323
410.419000000000323
410.595000000000323
410.625000000000323
410.744000000000323
410.765000000000323
410.875000000000323
411.019000000000323
411.057000000000323
411.173000000000324
411.282000000000324
411.828000000000324
412.010000000000324
412.175000000000324
412.307000000000325
412.325000000000325
412.456000000000325
412.483000000000325
412.638000000000325
412.756000000000325
412.892000000000325
413.040000000000325
413.161000000000325
413.305000000000325
413.454000000000326
413.645000000000326
413.779000000000326
413.881000000000326
413.895000000000326
414.033000000000326
414.208000000000326
414.375000000000326
414.495000000000326
415.666000000000328
415.762000000000328
415.887000000000328
416.025000000000328
416.153000000000328
416.277000000000328
416.405000000000328
416.562000000000328
416.718000000000328
416.861000000000329
416.984000000000329
417.415000000000329
633.914000000000521
634.069000000000522
634.184000000000522
634.300000000000522
634.409000000000522
634.547000000000522
634.669000000000522
634.787000000000522
634.909000000000522
635.033000000000522
635.142000000000522
635.256000000000522
635.379000000000523
635.493000000000523
635.773000000000523
635.900000000000523
636.018000000000523
636.280000000000523
636.385000000000524
636.920000000000524
637.048000000000524
637.179000000000524
637.306000000000524
637.430000000000524
637.562000000000525
637.683000000000525
637.802000000000525
637.928000000000525
638.053000000000525
638.166000000000525
638.443000000000525
638.602000000000526
638.730000000000526
638.851000000000526
638.988000000000526
639.114000000000526
639.237000000000526
641.595000000000528
641.736000000000528
641.874000000000528
642.008000000000528
642.136000000000529
642.269000000000529
642.390000000000529
642.510000000000529
642.636000000000529
642.757000000000529
642.875000000000529
643.32500000000053
643.48700000000053
643.52400000000053
643.62200000000053
643.74400000000053
643.87100000000053
644.00000000000053
644.298000000000531
644.442000000000531
644.499000000000531
644.616000000000531
644.738000000000531
644.855000000000531
645.115000000000531
645.243000000000531
645.542000000000532
645.705000000000532
645.841000000000532
645.974000000000532
646.105000000000532
646.239000000000532
646.376000000000532
646.495000000000532
646.615000000000533
647.070000000000533
647.219000000000533
647.255000000000533
647.368000000000533
647.508000000000533
647.655000000000534
647.778000000000534
647.902000000000534
648.026000000000534
648.149000000000534
648.350000000000534
648.506000000000534
648.643000000000534
648.771000000000535
648.904000000000535
649.039000000000535
649.167000000000535
649.310000000000535
649.422000000000535
649.725000000000535
649.880000000000536
650.027000000000536
650.177000000000536
650.524000000000536
650.657000000000536
650.807000000000536
650.941000000000536
651.068000000000537
651.216000000000537
651.349000000000537
651.479000000000537
651.621000000000537
651.768000000000537
651.946000000000537
652.092000000000538
652.204000000000538
653.140000000000538
653.296000000000539
653.428000000000539
653.575000000000539
653.724000000000539
653.887000000000539
654.023000000000539
654.142000000000539
654.54700000000054
654.76600000000054
654.88400000000054
655.02500000000054
655.15900000000054
655.29000000000054
655.41500000000054
655.850000000000541
656.010000000000541
656.167000000000541
656.305000000000541
656.327000000000541
656.475000000000541
656.509000000000541
656.618000000000542
656.635000000000542
656.752000000000542
656.884000000000542
657.021000000000542
657.791000000000543
657.947000000000543
658.090000000000543
658.123000000000543
658.236000000000543
658.259000000000543
658.378000000000543
658.400000000000543
658.531000000000543
658.549000000000543
658.673000000000543
658.847000000000544
659.056000000000544
659.130000000000544
659.400000000000544
659.573000000000544
659.736000000000544
659.893000000000544
660.065000000000545
660.294000000000545
660.641000000000545
660.740000000000545
660.869000000000545
660.982000000000545
661.290000000000546
661.460000000000546
661.487000000000546
661.627000000000546
661.670000000000546
661.841000000000546
662.051000000000546
662.109000000000546
662.241000000000546
662.261000000000546
662.382000000000547
662.407000000000547
662.775000000000547
662.892000000000547
662.908000000000547
663.086000000000547
663.155000000000547
663.721000000000548
663.882000000000548
664.028000000000548
664.180000000000548
664.306000000000548
664.432000000000548
664.568000000000549
664.722000000000549
664.858000000000549
665.015000000000549
665.160000000000549
665.302000000000549
665.415000000000549
665.99200000000055
666.15400000000055
666.31000000000055
666.32700000000055
666.45000000000055
666.57500000000055
666.70500000000055
666.861000000000551
667.029000000000551
667.173000000000551
667.300000000000551
667.436000000000551
667.574000000000551
667.762000000000551
667.925000000000552
668.057000000000552
668.186000000000552
668.310000000000552
668.446000000000552
668.654000000000552
668.785000000000552
668.961000000000552
669.116000000000553
669.297000000000553
669.484000000000553
669.521000000000553
669.652000000000553
669.793000000000553
669.930000000000553
670.068000000000553
670.206000000000554
670.335000000000554
670.755000000000554
670.897000000000554
671.042000000000554
671.187000000000554
671.335000000000555
671.463000000000555
671.591000000000555
671.756000000000555
671.886000000000555
672.039000000000555
672.172000000000555
672.546000000000556
672.701000000000556
672.841000000000556
672.985000000000556
673.120000000000556
673.282000000000556
673.412000000000556
673.551000000000557
673.704000000000557
673.857000000000557
674.013000000000557
674.158000000000557
674.295000000000557
674.420000000000557
674.874000000000558
675.017000000000558
675.160000000000558
675.182000000000558
675.334000000000558
675.463000000000558
675.595000000000558
675.738000000000558
675.879000000000559
676.000000000000559
676.155000000000559
676.332000000000559
676.352000000000559
676.506000000000559
676.689000000000559
676.814000000000559
676.96200000000056
677.11700000000056
677.26400000000056
677.42500000000056
677.56600000000056
677.70600000000056
677.83500000000056
677.97500000000056
678.153000000000561
678.285000000000561
678.420000000000561
678.550000000000561
678.678000000000561
678.869000000000561
679.015000000000561
679.145000000000562
679.302000000000562
679.428000000000562
679.558000000000562
679.737000000000562
679.916000000000562
679.934000000000562
680.086000000000562
680.212000000000562
680.386000000000563
680.407000000000563
680.556000000000563
680.586000000000563
680.735000000000563
680.874000000000563
680.982000000000563
681.724000000000564
681.873000000000564
681.997000000000564
682.142000000000564
682.283000000000564
682.417000000000564
682.555000000000565
682.683000000000565
682.812000000000565
683.448000000000565
683.583000000000565
683.742000000000566
683.876000000000566
684.031000000000566
684.166000000000566
684.321000000000566
684.468000000000566
684.641000000000566
684.767000000000566
684.882000000000567
685.638000000000567
685.798000000000567
685.951000000000568
686.097000000000568
686.241000000000568
686.371000000000568
686.498000000000568
686.632000000000568
686.781000000000568
686.912000000000568
687.065000000000569
687.088000000000569
687.200000000000569
687.333000000000569
687.466000000000569
687.614000000000569
687.739000000000569
687.862000000000569
688.33800000000057
688.49400000000057
688.65500000000057
688.80600000000057
688.92900000000057
689.06700000000057
689.23100000000057
689.367000000000571
689.498000000000571
689.632000000000571
689.780000000000571
689.929000000000571
690.065000000000571
690.196000000000571
690.345000000000571
691.082000000000572
691.230000000000572
691.374000000000572
691.514000000000572
691.967000000000573
692.105000000000573
692.269000000000573
692.401000000000573
692.537000000000573
692.661000000000574
692.903000000000574
693.335000000000574
693.477000000000574
693.495000000000574
693.626000000000574
693.762000000000574
693.903000000000575
694.035000000000575
694.157000000000575
694.287000000000575
694.425000000000575
694.572000000000575
694.720000000000575
694.864000000000575
696.590000000000577
696.722000000000577
696.857000000000577
696.988000000000577
697.119000000000578
697.243000000000578
697.368000000000578
697.490000000000578
697.613000000000578
697.755000000000578
697.888000000000578
698.017000000000578
698.140000000000578
699.297000000000579
699.44200000000058
699.56800000000058
699.71200000000058
701.583000000000581
701.724000000000582
701.861000000000582
701.985000000000582
702.106000000000582
703.782000000000583
1917.72100000000166
1917.83400000000166
1918.09100000000166
1918.20600000000166
1918.32500000000166
1918.45000000000166
1918.58400000000166
1918.71900000000166
1918.85400000000166
1918.95500000000166
1919.09800000000166
1919.20700000000166
1919.31500000000166
1919.43400000000166
1919.56500000000166
1919.72100000000166
1919.84700000000166
1919.97500000000166
1920.09200000000166
1920.21600000000166
1920.73900000000166
1920.87800000000166
1921.00600000000166
1921.13500000000166
1921.26100000000166
1921.37900000000166
1921.64500000000166
1921.80600000000167
1921.96900000000167
1922.10300000000167
1922.22200000000167
1922.33700000000167
1923.17500000000167
1923.32500000000167
1923.46200000000167
1923.59400000000167
1923.71500000000167
1923.83500000000167
1923.95000000000167
1924.68100000000167
1924.84300000000167
1924.99700000000167
1925.12500000000167
1925.24900000000167
1926.19600000000167
1926.36100000000167
1926.49500000000167
1926.61900000000167
1927.30800000000167
1927.46900000000167
1927.61200000000167
1927.74500000000167
1927.88400000000167
1928.02100000000167
1928.26600000000167
1928.38100000000167
1928.82500000000167
1928.97500000000167
1929.10100000000167
1929.22700000000167
1929.34500000000167
1930.05700000000167
1930.21700000000167
1930.35200000000167
1930.49900000000167
1930.62800000000167
1930.74600000000167
1931.58500000000167
1931.74200000000167
1931.87100000000167
1932.00700000000167
1932.14300000000167
1932.27800000000167
1932.39900000000167
1933.15600000000168
1933.31700000000168
1933.46100000000168
1933.61900000000168
1933.75000000000168
1933.88600000000168
1934.01500000000168
1934.15400000000168
1934.26500000000168
1934.90300000000168
1935.06200000000168
1935.19500000000168
1935.32400000000168
1935.44900000000168
1935.61400000000168
1935.76000000000168
1935.88400000000168
1936.59100000000168
1936.74800000000168
1936.89400000000168
1937.03700000000168
1937.16500000000168
1937.29900000000168
1937.42700000000168
1937.55000000000168
1938.29800000000168
1938.44900000000168
1938.58700000000168
1938.72700000000168
1938.85700000000168
1938.98200000000168
1939.28200000000168
1939.44700000000168
1939.62000000000168
1939.77200000000168
1940.05600000000168
1940.14200000000168
1940.31700000000168
1940.44500000000168
1940.59400000000168
1940.74500000000168
1940.87500000000168
1941.02700000000168
1941.17900000000168
1941.32800000000168
1941.47400000000168
1941.59900000000168
1941.75000000000168
1941.89200000000168
1942.02800000000168
1942.16200000000168
1942.28600000000168
1943.22300000000168
1943.38100000000168
1943.53300000000168
1943.67200000000168
1943.81100000000168
1943.93700000000168
1944.07300000000168
1944.21700000000168
1944.35100000000169
1944.49700000000169
1944.64500000000169
1944.79100000000169
1944.92400000000169
1945.06500000000169
1945.19400000000169
1945.32500000000169
1945.48600000000169
1945.64400000000169
1945.79700000000169
1945.93300000000169
1946.06100000000169
1946.53300000000169
1946.70200000000169
1946.86000000000169
1947.01300000000169
1947.18000000000169
1947.36100000000169
1947.52400000000169
1947.65100000000169
1947.76700000000169
1948.24200000000169
1948.42300000000169
1948.53500000000169
1948.67800000000169
1948.80600000000169
1948.93200000000169
1949.07700000000169
1949.21200000000169
1949.36600000000169
1949.50300000000169
1949.62800000000169
1949.75500000000169
1950.34100000000169
1950.49800000000169
1950.64200000000169
1950.78100000000169
1950.92700000000169
1951.06400000000169
1951.20300000000169
1951.36100000000169
1951.41800000000169
1951.54400000000169
1951.58400000000169
1951.70600000000169
1951.85800000000169
1952.02800000000169
1952.17200000000169
1952.30100000000169
1953.00300000000169
1953.16200000000169
1953.32100000000169
1953.49000000000169
1953.62800000000169
1953.77600000000169
1953.93200000000169
1954.07200000000169
1954.21500000000169
1954.36500000000169
1954.52900000000169
1954.70100000000169
1954.87600000000169
1955.04700000000169
1955.18200000000169
1955.30400000000169
1955.7490000000017
1955.9140000000017
1956.9370000000017
1957.0920000000017
1957.2410000000017
1957.3820000000017
1957.5100000000017
1957.6280000000017
1957.7410000000017
1958.0420000000017
1958.1960000000017
1958.3480000000017
1958.4810000000017
1958.6170000000017
1958.7520000000017
1958.8820000000017
1959.0250000000017
1959.1660000000017
1959.3110000000017
1959.4360000000017
1959.5680000000017
1959.6890000000017
1959.8370000000017
1960.1090000000017
1960.2530000000017
1960.4110000000017
1960.5650000000017
1960.7040000000017
1960.8300000000017
1960.9630000000017
1961.0900000000017
1961.2520000000017
1961.4200000000017
1961.5440000000017
1961.6820000000017
1961.8580000000017
1962.0340000000017
1962.2270000000017
1962.3050000000017
1962.4400000000017
1962.5980000000017
1962.7360000000017
1962.8710000000017
1963.0130000000017
1963.1560000000017
1963.3210000000017
1963.4510000000017
1963.5730000000017
1965.0830000000017
1965.2360000000017
1965.3730000000017
1965.5230000000017
1965.6630000000017
1965.7980000000017
1965.9470000000017
1966.0910000000017
1966.2290000000017
1966.3780000000017
1966.5230000000017
1966.6630000000017
1966.79900000000171
1966.93200000000171
1967.06900000000171
1967.93400000000171
1968.07900000000171
1968.23200000000171
1968.39100000000171
1968.55000000000171
1968.70300000000171
1968.87300000000171
1969.03400000000171
1969.19100000000171
1969.34100000000171
1969.47800000000171
1969.60900000000171
1969.73800000000171
1970.30200000000171
1970.46900000000171
1970.60900000000171
1970.76100000000171
1970.93800000000171
1971.12900000000171
1971.16100000000171
1971.31300000000171
1971.33400000000171
1971.46500000000171
1971.61700000000171
1971.78500000000171
1971.98200000000171
1972.11500000000171
1972.23700000000171
1972.38600000000171
1972.54400000000171
1972.71600000000171
1972.92300000000171
1973.02500000000171
1973.17000000000171
1973.33300000000171
1973.50200000000171
1973.66700000000171
1973.80200000000171
1973.94300000000171
1976.32300000000171
1976.46900000000171
1976.61100000000171
1976.75700000000171
1976.88600000000171
1977.00900000000171
1977.13800000000171
1977.26400000000171
1977.41200000000171
1977.54100000000171
1977.66900000000171
1977.80100000000171
1977.92400000000172
1978.06400000000172
1978.20800000000172
1978.35400000000172
1978.48400000000172
1978.61700000000172
1978.74300000000172
1979.20800000000172
1979.35800000000172
1979.51100000000172
1979.67000000000172
1979.84600000000172
1980.00800000000172
1980.16800000000172
1980.32900000000172
1980.52100000000172
1980.67400000000172
1980.69400000000172
1980.80600000000172
1980.92100000000172
1981.81800000000172
1981.95300000000172
1982.09800000000172
1982.23400000000172
1982.36600000000172
1982.49600000000172
1982.65000000000172
1982.78600000000172
1982.91800000000172
1983.05400000000172
1983.18300000000172
1983.32000000000172
1983.46300000000172
1983.59600000000172
1983.73500000000172
1985.20400000000172
1985.39300000000172
1985.48100000000172
1985.62100000000172
1985.74800000000172
1985.88800000000172
1986.02400000000172
1986.17300000000172
1986.30500000000172
1986.43600000000172
1986.56100000000172
1986.75200000000172
1986.90100000000172
1987.04100000000172
1987.18100000000172
1987.32700000000172
1987.47900000000172
1987.63900000000172
1987.77800000000172
1987.92400000000172
1988.05700000000172
1988.23800000000172
1988.40400000000172
1988.59900000000172
1988.77400000000172
1988.90400000000172
1989.04400000000172
1989.18000000000172
1989.34500000000173
1989.52200000000173
1989.69100000000173
1989.82400000000173
1991.88100000000173
1992.02300000000173
1992.16200000000173
1992.30300000000173
1992.44800000000173
1992.57200000000173
1992.69500000000173
1992.83100000000173
1992.96500000000173
1993.09300000000173
1994.13500000000173
1994.28900000000173
1994.44700000000173
1994.59500000000173
1994.73100000000173
1994.73900000000173
1994.87000000000173
1995.00300000000173
1995.13600000000173
1995.28500000000173
1995.42100000000173
1995.56800000000173
1995.73400000000173
1995.75500000000173
1995.87600000000173
1996.00000000000173
1996.16500000000173
1996.33800000000173
1996.41000000000173
1996.49900000000173
1996.61200000000173
1996.89800000000173
1997.06300000000173
1997.21000000000173
1997.33900000000173
1997.47700000000173
1997.63500000000173
1997.80700000000173
1997.92000000000173
1997.95900000000173
1998.08900000000173
1998.24400000000173
1998.26100000000173
1998.39400000000173
1998.50600000000173
1998.64800000000173
1998.76100000000173
1998.92100000000173
1999.07800000000173
1999.21600000000173
1999.35400000000173
1999.79000000000173
1999.94400000000173
2000.08700000000173
2000.23800000000173
2000.37200000000173
2000.49000000000174
2356.15199999996784
2356.81699999996777
2356.94199999996775
2357.06299999996774
2357.17499999996773
2357.30899999996771
2357.4259999999677
2357.54999999996769
2357.66799999996767
2357.90799999996765
2358.03199999996763
2358.15099999996762
2358.2819999999676
2358.40699999996759
2358.53599999996758
2358.67099999996756
2358.79499999996755
2358.91099999996754
2359.06599999996752
2359.2319999999675
2359.36899999996748
2359.49599999996747
2359.63399999996746
2359.77099999996744
2359.88999999996743
2360.66999999996734
2360.82399999996732
2360.94499999996731
2361.0809999999673
2361.20899999996728
2361.32799999996727
2361.45599999996726
2361.61999999996724
2361.66199999996723
2361.78499999996722
2361.90799999996721
2362.01999999996719
2362.8559999999671
2363.00199999996708
2363.13699999996707
2363.26599999996706
2363.37999999996704
2363.49299999996703
2364.23599999996695
2364.27199999996694
2364.41699999996693
2364.51699999996692
2364.6589999999669
2364.78099999996689
2364.90899999996687
2365.03299999996686
2365.17699999996685
2365.28999999996683
2366.05799999996675
2366.16899999996674
2366.30999999996672
2366.43699999996671
2366.56699999996669
2366.69999999996668
2366.83399999996666
2366.94399999996665
2367.20899999996662
2367.3869999999666
2367.53299999996659
2367.66899999996657
2367.81699999996655
2367.96499999996654
2368.10399999996652
2368.24699999996651
2368.39299999996649
2368.52599999996648
2368.64299999996646
2369.39899999996638
2369.59499999996636
2369.70799999996635
2369.88199999996633
2369.91499999996632
2370.02599999996631
2370.19299999996629
2370.34699999996628
2370.37899999996627
2370.51899999996626
2370.63899999996624
2371.40199999996616
2371.57499999996614
2371.72899999996612
2371.86999999996611
2372.00099999996609
2372.13099999996608
2372.25999999996607
2372.38199999996605
2373.29999999996595
2373.41699999996594
2373.55099999996592
2373.70699999996591
2373.84099999996589
2373.98399999996588
2374.13499999996586
2374.27599999996584
2374.40599999996583
2374.52499999996582
2374.6449999999658
2375.11499999996575
2375.16399999996575
2375.29199999996573
2375.35099999996572
2375.45599999996571
2375.6169999999657
2375.75699999996568
2375.88499999996567
2376.00899999996565
2376.13099999996564
2376.4469999999656
2376.66799999996558
2376.78099999996557
2376.92999999996555
2377.06599999996554
2377.20499999996552
2377.3509999999655
2377.50299999996549
2377.64599999996547
2377.76599999996546
2377.88699999996545
2378.3449999999654
2378.51999999996538
2378.68899999996536
2378.81899999996534
2378.95599999996533
2379.12199999996531
2379.25699999996529
2379.37899999996528
2379.50499999996527
2379.62799999996525
2379.92299999996522
2379.97899999996522
2380.1109999999652
2380.24199999996519
2380.39799999996517
2380.56799999996515
2380.72399999996513
2380.86499999996512
2381.0059999999651
2381.14499999996509
2381.29899999996507
2381.33599999996507
2381.46899999996505
2381.59499999996504
2381.72499999996502
2381.86399999996501
2381.99999999996499
2382.12699999996498
2382.23899999996497
2382.89099999996489
2383.02199999996488
2383.17399999996486
2383.30899999996485
2383.43799999996483
2383.57199999996482
2383.7129999999648
2383.85399999996479
2384.00199999996477
2384.13399999996476
2384.26399999996474
2384.38999999996473
2384.53299999996471
2384.70599999996469
2384.86599999996468
2385.03399999996466
2385.19899999996464
2385.35199999996462
2385.47699999996461
2385.6059999999646
2385.77199999996458
2385.92199999996456
2386.05099999996455
2386.18899999996453
2386.32299999996452
2386.4619999999645
2386.60299999996449
2386.77899999996447
2386.88199999996445
2387.01099999996444
2387.13399999996443
2387.74499999996436
2387.89499999996434
2388.03699999996433
2388.17699999996431
2388.3109999999643
2388.45099999996428
2388.60599999996426
2388.75199999996425
2388.89899999996423
2389.04699999996422
2389.1859999999642
2389.33299999996418
2389.44799999996417
2389.58399999996416
2389.76999999996414
2389.95199999996412
2390.1399999999641
2390.33699999996407
2390.60299999996404
2390.69299999996404
2390.82399999996402
2390.94699999996401
2391.08099999996399
2391.23499999996398
2391.40899999996396
2391.59799999996394
2391.71299999996392
2391.85199999996391
2391.97899999996389
2392.12499999996388
2392.30299999996386
2392.43699999996384
2392.55999999996383
2394.99799999996356
2395.13599999996355
2395.28399999996353
2395.42499999996351
2395.5489999999635
2395.68899999996348
2395.81899999996347
2395.95299999996346
2396.08899999996344
2396.23199999996343
2396.36799999996341
2396.51599999996339
2396.67299999996338
2396.79699999996336
2396.92899999996335
2397.13899999996333
2397.25699999996331
2397.4069999999633
2397.55899999996328
2397.72999999996326
2397.88599999996324
2397.99399999996323
2398.11999999996322
2398.33199999996319
2398.46999999996318
2398.47899999996318
2398.61699999996316
2398.75599999996315
2398.92099999996313
2399.03999999996312
2399.1719999999631
2399.34899999996308
2399.51999999996306
2399.88799999996302
2399.97499999996301
2400.089999999963
2400.79899999996292
2400.9599999999629
2401.11899999996289
2401.27599999996287
2401.48399999996285
2401.58499999996284
2401.83599999996281
2402.05999999996278
2402.35699999996275
2402.57299999996273
2402.67999999996271
2402.8589999999627
2403.03199999996268
2403.11499999996267
2403.14899999996266
2403.25499999996265
2403.27699999996265
2403.39199999996264
2403.55499999996262
2403.60999999996261
2403.78099999996259
2403.89899999996258
2404.02499999996257
2404.13799999996255
2405.29299999996243
2405.39999999996242
2405.5339999999624
2405.66799999996239
2405.79899999996237
2405.93799999996236
2406.07399999996234
2406.20699999996233
2406.34099999996231
2406.4639999999623
2406.61899999996228
2406.75999999996227
2406.90599999996225
2407.04699999996223
2407.18899999996222
2407.3189999999622
2407.44399999996219
2407.89099999996214
2408.03399999996213
2408.19599999996211
2408.33899999996209
2408.53899999996207
2408.65799999996206
2408.67499999996205
2408.80399999996204
2408.93999999996203
2409.07599999996201
2409.207999999962
2409.67199999996194
2409.81799999996193
2409.95799999996191
2410.0939999999619
2410.23699999996188
2410.37899999996187
2410.49899999996185
0
0
0
0
0
3600
0
0
0
0
0
0
0
3600.00099999983085
0
0
0
0
0
0
