7
28
17
7
28
17
pcf1.08
perfusionday
0
4
8
59
20
10
00
10
22
4
.3
1
1
1
1
1364
1364
1
1
1
1
1
1
1
1
1
1
1
1
1
1
1
1
1
1
1
1
0
-1
-2
1363
-3
27.9219999999999902
28.0089999999999902
28.1249999999999901
28.2749999999999899
28.4269999999999898
28.5499999999999897
28.7189999999999896
28.8369999999999894
28.9669999999999893
29.1009999999999892
29.2319999999999891
29.360999999999989
29.4909999999999889
29.6259999999999888
29.7589999999999887
29.9029999999999886
30.0569999999999884
30.1949999999999883
30.3339999999999882
30.4729999999999881
30.610999999999988
30.7499999999999878
30.8889999999999877
31.0389999999999876
31.1829999999999875
31.3249999999999873
31.4599999999999872
31.6069999999999871
31.749999999999987
31.9089999999999868
32.0459999999999868
32.1849999999999869
32.3259999999999871
32.4749999999999872
32.6129999999999873
32.7509999999999874
32.9059999999999876
33.0439999999999877
33.1819999999999878
33.323999999999988
33.4669999999999881
33.5419999999999881
33.6339999999999882
33.7889999999999884
33.9289999999999885
34.0709999999999886
34.3649999999999889
34.519999999999989
34.6599999999999891
34.7979999999999893
34.9409999999999894
35.0249999999999895
35.1039999999999895
35.2419999999999897
35.4019999999999898
35.5599999999999899
35.6969999999999901
35.8519999999999902
36.1579999999999905
36.3189999999999906
36.4629999999999907
36.6149999999999909
36.757999999999991
36.9149999999999911
37.0699999999999913
37.2239999999999914
37.3729999999999915
37.5219999999999917
37.6669999999999918
37.8199999999999919
37.9839999999999921
38.5769999999999926
38.7209999999999927
39.029999999999993
39.3209999999999933
39.4639999999999934
39.6159999999999935
39.7639999999999937
39.9019999999999938
40.0769999999999939
40.2179999999999941
40.3559999999999942
40.4969999999999943
40.6489999999999945
40.8039999999999946
40.9709999999999947
41.4189999999999951
41.7389999999999954
41.8899999999999956
42.353999999999996
42.5079999999999961
42.6569999999999962
42.8189999999999964
43.1239999999999967
43.2719999999999968
43.5889999999999971
44.5369999999999979
44.683999999999998
44.8209999999999982
45.3069999999999986
45.767999999999999
46.0499999999999993
46.3819999999999995
47.4390000000000005
47.7840000000000008
47.9300000000000009
48.5490000000000015
48.6910000000000016
49.2340000000000021
49.3300000000000022
49.6000000000000024
49.8300000000000026
50.0850000000000028
50.233000000000003
50.3430000000000031
50.4770000000000032
50.6140000000000033
50.7420000000000034
50.8820000000000035
51.0460000000000037
51.1900000000000038
51.345000000000004
51.4850000000000041
51.6220000000000042
51.7710000000000043
51.8960000000000044
52.0530000000000046
52.0650000000000046
52.1900000000000047
52.3370000000000048
52.3530000000000049
52.474000000000005
52.6220000000000051
52.7740000000000052
52.9530000000000054
53.0840000000000055
53.2480000000000056
53.3800000000000058
53.5350000000000059
53.7120000000000061
53.8610000000000062
53.9930000000000063
54.0070000000000063
54.1530000000000065
54.2820000000000066
54.4600000000000067
54.5960000000000068
54.747000000000007
55.888000000000008
55.9570000000000081
56.0020000000000081
56.1540000000000082
56.2620000000000083
56.4230000000000085
56.6400000000000087
56.7570000000000088
56.7800000000000088
56.9260000000000089
57.069000000000009
57.2170000000000092
57.3610000000000093
57.5220000000000094
57.6670000000000096
58.2470000000000101
58.4040000000000102
58.5490000000000104
58.6960000000000105
58.8470000000000106
59.0080000000000108
59.1380000000000109
59.304000000000011
59.4560000000000112
59.6030000000000113
59.7370000000000114
59.8860000000000115
60.0530000000000117
60.2030000000000118
65.5950000000000166
65.7280000000000167
66.024000000000017
66.1720000000000171
66.3150000000000173
66.4560000000000174
66.5970000000000175
66.7370000000000176
66.8800000000000178
67.0240000000000179
67.174000000000018
67.3100000000000181
67.4510000000000183
67.6070000000000184
67.7560000000000185
67.9110000000000187
68.0610000000000188
68.2200000000000189
68.3640000000000191
68.5120000000000192
68.6630000000000193
68.8130000000000195
68.9840000000000196
69.2310000000000198
69.39400000000002
69.5670000000000201
69.7280000000000203
69.8780000000000204
70.0370000000000206
70.1960000000000207
70.4530000000000209
70.6150000000000211
102.1900000000000491
102.3000000000000492
102.4460000000000493
102.5940000000000495
102.7320000000000496
102.8750000000000497
103.0120000000000498
103.15200000000005
103.2810000000000501
103.4210000000000502
103.5570000000000503
103.6930000000000504
103.8350000000000506
103.9850000000000507
104.1210000000000508
104.256000000000051
104.4020000000000511
104.5380000000000512
104.6770000000000513
104.8140000000000514
104.9550000000000516
105.0930000000000517
105.2340000000000518
105.383000000000052
105.5200000000000521
105.6640000000000522
105.8020000000000523
105.9470000000000524
106.0970000000000526
106.2410000000000527
106.4040000000000529
106.542000000000053
106.6890000000000531
106.8290000000000532
106.9640000000000534
107.0490000000000534
107.1190000000000535
107.2560000000000536
107.4040000000000538
107.5480000000000539
107.703000000000054
107.8500000000000541
107.9910000000000543
108.2840000000000545
108.6020000000000548
108.8890000000000551
109.0480000000000552
109.1910000000000553
109.6710000000000558
110.8820000000000568
111.014000000000057
111.1760000000000571
112.238000000000058
112.4520000000000582
112.6720000000000584
112.8160000000000586
112.9620000000000587
113.370000000000059
113.5560000000000592
113.8410000000000595
114.44600000000006
114.5260000000000601
114.5630000000000601
114.7370000000000603
115.2880000000000608
115.515000000000061
116.2780000000000616
116.4230000000000618
116.5650000000000619
119.4270000000000644
119.5040000000000645
119.5610000000000645
119.9690000000000649
120.3780000000000653
120.5330000000000654
120.7890000000000656
120.8350000000000657
120.9450000000000658
121.262000000000066
121.4410000000000662
121.6620000000000664
122.7170000000000674
122.8590000000000675
187.933000000000125
188.037000000000125
188.119000000000125
188.170000000000125
188.305000000000126
188.448000000000126
188.594000000000126
188.728000000000126
188.878000000000126
189.008000000000126
189.130000000000126
189.264000000000126
189.393000000000127
189.524000000000127
189.661000000000127
189.797000000000127
189.930000000000127
190.080000000000127
190.201000000000127
190.336000000000127
190.488000000000128
190.618000000000128
190.748000000000128
190.887000000000128
191.030000000000128
191.167000000000128
191.318000000000128
191.451000000000128
191.588000000000129
191.725000000000129
191.865000000000129
192.008000000000129
192.161000000000129
193.03000000000013
193.45700000000013
193.60200000000013
193.905000000000131
194.612000000000131
194.765000000000131
195.630000000000132
196.355000000000133
198.528000000000135
198.668000000000135
199.120000000000135
200.426000000000136
200.857000000000137
201.083000000000137
201.128000000000137
201.211000000000137
201.885000000000138
202.032000000000138
207.887000000000143
207.964000000000143
208.030000000000143
208.123000000000143
208.153000000000143
208.190000000000143
208.320000000000143
208.448000000000144
211.967000000000147
212.101000000000147
212.245000000000147
212.405000000000147
212.512000000000147
212.693000000000147
212.884000000000147
213.436000000000148
213.638000000000148
213.791000000000148
213.943000000000148
214.109000000000149
214.255000000000149
214.277000000000149
214.376000000000149
214.438000000000149
214.588000000000149
214.771000000000149
214.933000000000149
215.155000000000149
215.32300000000015
215.47900000000015
215.63700000000015
215.78500000000015
215.94100000000015
216.09100000000015
216.24100000000015
216.394000000000151
216.544000000000151
216.706000000000151
216.804000000000151
216.877000000000151
217.077000000000151
217.271000000000151
217.389000000000151
217.532000000000152
217.679000000000152
217.830000000000152
217.966000000000152
218.109000000000152
218.260000000000152
218.403000000000152
218.546000000000152
218.684000000000153
218.821000000000153
218.964000000000153
219.104000000000153
219.267000000000153
219.411000000000153
219.549000000000153
219.692000000000153
219.835000000000154
219.988000000000154
220.127000000000154
220.279000000000154
220.360000000000154
220.439000000000154
220.594000000000154
220.738000000000154
220.879000000000155
221.016000000000155
221.159000000000155
221.292000000000155
221.439000000000155
221.594000000000155
221.738000000000155
221.875000000000155
272.0710000000002
272.2020000000002
272.3460000000002
272.5000000000002
272.6230000000002
272.752000000000201
272.877000000000201
273.000000000000201
273.123000000000201
273.250000000000201
273.379000000000201
273.513000000000201
273.643000000000201
273.774000000000202
273.906000000000202
274.041000000000202
274.181000000000202
274.318000000000202
274.450000000000202
274.575000000000202
274.734000000000202
274.867000000000202
275.000000000000203
275.149000000000203
275.283000000000203
275.413000000000203
275.556000000000203
275.693000000000203
275.829000000000203
275.966000000000203
276.117000000000204
276.254000000000204
276.387000000000204
276.524000000000204
276.600000000000204
276.682000000000204
276.825000000000204
276.995000000000204
277.061000000000204
277.133000000000204
277.271000000000205
277.414000000000205
277.558000000000205
277.702000000000205
277.999000000000205
278.139000000000205
278.280000000000206
278.417000000000206
278.727000000000206
279.024000000000206
279.153000000000206
279.293000000000206
279.433000000000207
279.573000000000207
279.716000000000207
279.879000000000207
280.019000000000207
280.158000000000207
280.293000000000207
280.766000000000208
281.071000000000208
281.184000000000208
281.654000000000208
281.825000000000209
281.975000000000209
282.065000000000209
282.454000000000209
282.606000000000209
283.03000000000021
283.15300000000021
283.30200000000021
283.45800000000021
283.57900000000021
283.86600000000021
284.008000000000211
284.153000000000211
284.300000000000211
284.435000000000211
284.579000000000211
284.647000000000211
284.720000000000211
284.847000000000211
285.134000000000212
285.293000000000212
285.435000000000212
285.575000000000212
285.706000000000212
285.853000000000212
285.992000000000212
286.137000000000212
286.301000000000213
286.453000000000213
286.594000000000213
286.735000000000213
286.884000000000213
287.021000000000213
287.174000000000213
287.312000000000214
287.455000000000214
287.599000000000214
287.753000000000214
287.907000000000214
288.048000000000214
288.187000000000214
288.279000000000214
288.836000000000215
288.980000000000215
289.129000000000215
289.267000000000215
289.410000000000215
289.740000000000216
289.861000000000216
290.000000000000216
290.156000000000216
290.312000000000216
290.433000000000216
290.588000000000216
290.727000000000217
290.877000000000217
291.025000000000217
291.162000000000217
291.312000000000217
291.454000000000217
291.742000000000217
291.860000000000218
292.020000000000218
292.167000000000218
292.301000000000218
292.462000000000218
292.599000000000218
292.739000000000218
292.876000000000218
293.009000000000219
293.033000000000219
293.172000000000219
293.322000000000219
293.623000000000219
293.764000000000219
293.916000000000219
294.06900000000022
294.22300000000022
294.49900000000022
294.62500000000022
294.78300000000022
294.80500000000022
294.93800000000022
295.11200000000022
295.245000000000221
295.386000000000221
295.514000000000221
295.693000000000221
295.842000000000221
295.963000000000221
295.985000000000221
296.149000000000221
296.288000000000222
296.421000000000222
296.745000000000222
296.890000000000222
297.041000000000222
297.173000000000222
297.192000000000222
297.333000000000222
297.629000000000223
297.772000000000223
297.917000000000223
298.094000000000223
301.438000000000226
301.573000000000226
301.723000000000226
301.889000000000226
302.045000000000227
302.195000000000227
302.352000000000227
302.488000000000227
302.640000000000227
302.810000000000227
302.974000000000227
303.140000000000228
303.316000000000228
303.459000000000228
303.556000000000228
303.625000000000228
303.722000000000228
303.799000000000228
303.986000000000228
304.159000000000228
304.265000000000229
304.342000000000229
304.457000000000229
304.533000000000229
304.713000000000229
304.807000000000229
304.876000000000229
305.054000000000229
305.145000000000229
305.217000000000229
305.39000000000023
305.54600000000023
305.70800000000023
305.81300000000023
305.87700000000023
306.04700000000023
306.18400000000023
306.33500000000023
306.484000000000231
306.625000000000231
306.771000000000231
306.921000000000231
307.093000000000231
307.241000000000231
307.389000000000231
307.542000000000231
307.675000000000232
307.941000000000232
308.102000000000232
308.248000000000232
308.394000000000232
308.522000000000232
308.707000000000233
309.000000000000233
309.297000000000233
309.623000000000233
310.580000000000234
311.035000000000235
311.683000000000235
311.726000000000235
311.841000000000235
312.001000000000235
312.420000000000236
312.565000000000236
313.369000000000237
313.490000000000237
313.654000000000237
314.378000000000238
314.561000000000238
314.732000000000238
314.882000000000238
315.021000000000238
315.292000000000238
315.441000000000238
316.038000000000239
316.346000000000239
316.67100000000024
316.79400000000024
316.92700000000024
317.07500000000024
317.22100000000024
317.37000000000024
317.51700000000024
317.701000000000241
317.826000000000241
317.964000000000241
318.109000000000241
318.251000000000241
318.405000000000241
318.555000000000241
319.463000000000242
319.652000000000242
320.428000000000243
320.875000000000243
321.021000000000243
321.474000000000244
321.633000000000244
321.893000000000244
322.189000000000244
322.522000000000245
322.794000000000245
322.938000000000245
323.087000000000245
323.244000000000245
323.376000000000246
323.971000000000246
324.433000000000246
324.858000000000247
325.150000000000247
325.301000000000247
325.326000000000247
325.491000000000247
325.617000000000248
325.758000000000248
325.948000000000248
326.073000000000248
326.217000000000248
326.363000000000248
326.490000000000248
326.657000000000248
326.820000000000249
326.942000000000249
327.095000000000249
327.237000000000249
327.405000000000249
327.537000000000249
327.719000000000249
327.84900000000025
328.01600000000025
328.16400000000025
328.47200000000025
328.76300000000025
328.90900000000025
329.058000000000251
329.202000000000251
329.373000000000251
329.665000000000251
329.816000000000251
329.963000000000251
334.190000000000255
334.280000000000255
334.352000000000255
334.413000000000255
334.568000000000256
334.721000000000256
334.872000000000256
335.031000000000256
335.183000000000256
335.326000000000256
335.473000000000256
335.619000000000256
335.770000000000257
335.917000000000257
336.077000000000257
336.219000000000257
336.369000000000257
336.517000000000257
336.669000000000257
336.825000000000258
336.967000000000258
337.125000000000258
337.278000000000258
337.443000000000258
337.593000000000258
337.747000000000258
337.899000000000258
338.051000000000259
338.206000000000259
338.370000000000259
338.522000000000259
338.681000000000259
338.820000000000259
338.969000000000259
339.13200000000026
339.29100000000026
339.45400000000026
339.60700000000026
339.76100000000026
339.92100000000026
340.07200000000026
340.21900000000026
340.371000000000261
340.502000000000261
340.665000000000261
340.813000000000261
340.959000000000261
341.098000000000261
341.241000000000261
341.384000000000262
341.554000000000262
341.709000000000262
342.029000000000262
342.196000000000262
342.698000000000263
342.865000000000263
343.038000000000263
343.212000000000263
343.384000000000263
343.584000000000264
343.713000000000264
343.872000000000264
344.041000000000264
344.194000000000264
344.380000000000264
344.520000000000264
344.715000000000265
344.845000000000265
344.976000000000265
345.161000000000265
345.288000000000265
345.440000000000265
345.770000000000265
345.908000000000266
346.051000000000266
346.179000000000266
346.317000000000266
346.476000000000266
346.629000000000266
346.766000000000266
346.903000000000266
347.040000000000267
347.179000000000267
347.323000000000267
347.478000000000267
347.614000000000267
347.750000000000267
347.891000000000267
348.029000000000267
348.170000000000268
348.312000000000268
348.470000000000268
348.615000000000268
348.751000000000268
348.890000000000268
349.026000000000268
349.160000000000268
349.300000000000269
349.457000000000269
349.601000000000269
349.742000000000269
352.969000000000272
353.032000000000272
353.092000000000272
353.178000000000272
353.242000000000272
353.335000000000272
353.398000000000272
353.543000000000272
353.676000000000272
353.821000000000273
353.965000000000273
354.110000000000273
354.269000000000273
354.416000000000273
354.565000000000273
355.006000000000274
355.159000000000274
355.306000000000274
355.464000000000274
355.620000000000274
355.758000000000274
355.911000000000274
356.063000000000275
356.205000000000275
356.355000000000275
356.508000000000275
356.657000000000275
356.794000000000275
356.805000000000275
356.967000000000275
357.102000000000276
357.266000000000276
357.395000000000276
357.560000000000276
357.694000000000276
357.857000000000276
358.015000000000276
358.162000000000276
358.308000000000277
358.464000000000277
358.613000000000277
358.759000000000277
358.902000000000277
359.058000000000277
359.208000000000277
359.350000000000278
359.498000000000278
359.647000000000278
360.073000000000278
360.210000000000278
360.305000000000278
360.380000000000278
360.669000000000279
360.747000000000279
360.842000000000279
360.923000000000279
361.087000000000279
361.173000000000279
361.347000000000279
361.404000000000279
361.566000000000279
361.75500000000028
361.87200000000028
361.96300000000028
362.08900000000028
362.36300000000028
362.813000000000281
362.961000000000281
363.038000000000281
363.115000000000281
363.266000000000281
363.460000000000281
363.619000000000281
363.908000000000282
364.238000000000282
364.393000000000282
364.537000000000282
364.676000000000282
364.825000000000282
364.964000000000282
365.107000000000283
365.250000000000283
365.397000000000283
365.541000000000283
365.689000000000283
365.843000000000283
365.993000000000283
366.134000000000284
366.298000000000284
366.435000000000284
366.586000000000284
366.715000000000284
366.890000000000284
367.020000000000284
367.184000000000284
367.317000000000285
367.461000000000285
367.606000000000285
367.751000000000285
367.937000000000285
368.079000000000285
368.203000000000285
368.362000000000286
372.92300000000029
373.05700000000029
373.39500000000029
373.53400000000029
373.67900000000029
373.82200000000029
373.96300000000029
374.104000000000291
374.250000000000291
374.407000000000291
374.548000000000291
374.686000000000291
374.836000000000291
375.002000000000291
375.141000000000292
375.292000000000292
375.432000000000292
375.586000000000292
375.742000000000292
375.889000000000292
376.041000000000292
376.197000000000292
376.354000000000293
376.490000000000293
376.644000000000293
376.797000000000293
376.942000000000293
377.087000000000293
377.403000000000294
377.537000000000294
377.687000000000294
377.859000000000294
378.037000000000294
378.141000000000294
378.215000000000294
378.389000000000294
378.504000000000294
378.575000000000295
378.766000000000295
378.971000000000295
379.136000000000295
379.299000000000295
379.456000000000295
379.606000000000296
379.762000000000296
379.919000000000296
380.068000000000296
380.198000000000296
380.358000000000296
380.519000000000296
380.660000000000296
380.808000000000297
380.946000000000297
535.754000000000434
535.886000000000434
536.002000000000434
536.143000000000434
536.276000000000435
909.368000000000766
909.499000000000766
909.655000000000766
909.789000000000766
909.924000000000766
910.066000000000767
910.197000000000767
910.332000000000767
912.427000000000769
912.570000000000769
912.714000000000769
912.866000000000769
913.010000000000769
913.147000000000769
913.28200000000077
913.41900000000077
913.55600000000077
913.68900000000077
913.84900000000077
913.99400000000077
914.12900000000077
914.27700000000077
914.41700000000077
914.563000000000771
914.703000000000771
914.856000000000771
915.000000000000771
915.137000000000771
915.283000000000771
915.430000000000771
915.571000000000771
916.182000000000772
916.341000000000772
916.481000000000772
916.634000000000772
916.834000000000773
917.008000000000773
917.304000000000773
917.443000000000773
917.591000000000773
917.755000000000773
918.075000000000774
918.211000000000774
918.335000000000774
918.642000000000774
918.773000000000774
918.936000000000774
919.089000000000775
919.255000000000775
919.402000000000775
919.553000000000775
919.710000000000775
919.878000000000775
920.047000000000776
920.201000000000776
920.269000000000776
920.342000000000776
920.505000000000776
920.575000000000776
920.653000000000776
920.801000000000776
920.950000000000776
921.103000000000776
921.176000000000776
921.256000000000776
921.415000000000777
921.557000000000777
921.629000000000777
921.707000000000777
921.849000000000777
922.005000000000777
922.151000000000777
922.300000000000777
922.446000000000778
922.521000000000778
922.595000000000778
922.749000000000778
922.920000000000778
923.061000000000778
923.207000000000778
923.352000000000778
923.505000000000779
923.652000000000779
923.801000000000779
923.872000000000779
923.953000000000779
924.097000000000779
924.242000000000779
924.379000000000779
924.539000000000779
924.67900000000078
924.82200000000078
925.02500000000078
925.09800000000078
925.16900000000078
925.32500000000078
925.39900000000078
925.48600000000078
925.63000000000078
925.767000000000781
925.842000000000781
925.918000000000781
926.067000000000781
926.198000000000781
926.342000000000781
926.427000000000781
926.512000000000781
926.653000000000781
926.797000000000782
926.954000000000782
927.113000000000782
927.253000000000782
927.395000000000782
927.544000000000782
927.616000000000782
927.695000000000782
928.148000000000783
928.233000000000783
928.324000000000783
928.471000000000783
928.613000000000783
928.757000000000783
929.003000000000783
929.081000000000784
929.205000000000784
929.280000000000784
929.356000000000784
929.690000000000784
929.836000000000784
929.999000000000784
930.093000000000784
930.173000000000784
930.347000000000785
930.533000000000785
930.707000000000785
931.023000000000785
931.121000000000785
931.185000000000785
931.284000000000786
931.360000000000786
931.535000000000786
931.723000000000786
931.883000000000786
932.048000000000786
932.222000000000786
932.373000000000786
932.530000000000787
932.676000000000787
932.835000000000787
932.980000000000787
933.055000000000787
933.131000000000787
933.268000000000787
933.406000000000787
933.570000000000788
933.719000000000788
933.862000000000788
934.021000000000788
934.167000000000788
934.315000000000788
934.461000000000788
934.602000000000788
934.755000000000789
934.905000000000789
935.053000000000789
935.192000000000789
935.342000000000789
935.493000000000789
935.647000000000789
935.798000000000789
935.94900000000079
936.09100000000079
936.25100000000079
936.39500000000079
936.54000000000079
936.68900000000079
936.83300000000079
936.97100000000079
937.147000000000791
937.268000000000791
937.354000000000791
937.433000000000791
937.570000000000791
937.727000000000791
937.865000000000791
938.026000000000791
938.164000000000792
938.321000000000792
938.466000000000792
938.609000000000792
938.754000000000792
938.905000000000792
939.057000000000792
939.203000000000792
939.345000000000793
939.489000000000793
939.629000000000793
939.792000000000793
939.957000000000793
940.103000000000793
940.560000000000794
940.814000000000794
952.021000000000804
952.144000000000804
952.291000000000804
952.443000000000804
952.578000000000804
952.722000000000804
952.863000000000805
952.994000000000805
953.129000000000805
953.265000000000805
953.409000000000805
953.547000000000805
953.696000000000805
953.845000000000806
953.988000000000806
954.132000000000806
954.268000000000806
954.414000000000806
954.556000000000806
954.701000000000806
954.844000000000806
954.992000000000807
955.135000000000807
955.284000000000807
955.426000000000807
955.567000000000807
955.707000000000807
955.851000000000807
955.993000000000807
956.135000000000808
956.283000000000808
956.430000000000808
956.724000000000808
956.870000000000808
957.004000000000808
957.150000000000808
957.307000000000809
957.601000000000809
957.759000000000809
957.898000000000809
958.045000000000809
958.196000000000809
958.34500000000081
958.48200000000081
958.62400000000081
958.77300000000081
958.91600000000081
959.05900000000081
959.20500000000081
959.35300000000081
959.49300000000081
959.638000000000811
959.840000000000811
959.907000000000811
959.984000000000811
960.071000000000811
960.143000000000811
960.293000000000811
960.450000000000811
960.800000000000812
960.932000000000812
961.117000000000812
966.718000000000817
966.844000000000817
966.986000000000817
967.129000000000817
967.273000000000817
967.413000000000818
967.549000000000818
967.684000000000818
967.827000000000818
967.963000000000818
968.100000000000818
968.244000000000818
968.383000000000818
968.515000000000819
968.647000000000819
968.790000000000819
968.929000000000819
969.073000000000819
969.216000000000819
969.356000000000819
969.505000000000819
969.64600000000082
969.78800000000082
969.93600000000082
970.08200000000082
970.22600000000082
970.36800000000082
970.52600000000082
970.66900000000082
970.809000000000821
970.951000000000821
971.096000000000821
971.239000000000821
971.385000000000821
971.538000000000821
971.679000000000821
971.840000000000822
971.988000000000822
972.130000000000822
972.270000000000822
972.419000000000822
972.563000000000822
972.707000000000822
972.780000000000822
972.866000000000822
972.951000000000822
973.022000000000823
973.103000000000823
973.173000000000823
973.324000000000823
973.422000000000823
973.498000000000823
973.595000000000823
973.967000000000823
974.298000000000824
974.385000000000824
974.543000000000824
974.631000000000824
974.861000000000824
974.962000000000824
975.334000000000825
975.602000000000825
975.882000000000825
976.039000000000825
976.123000000000825
976.189000000000825
976.360000000000826
976.449000000000826
976.521000000000826
976.687000000000826
976.839000000000826
977.149000000000826
977.275000000000826
977.417000000000826
977.559000000000827
977.701000000000827
977.854000000000827
977.992000000000827
978.133000000000827
978.278000000000827
978.409000000000827
978.542000000000828
978.679000000000828
978.823000000000828
978.959000000000828
979.114000000000828
979.264000000000828
979.414000000000828
979.574000000000828
982.480000000000831
982.544000000000831
982.600000000000831
982.748000000000831
982.850000000000831
982.910000000000831
983.025000000000831
983.084000000000832
983.253000000000832
983.427000000000832
983.602000000000832
983.762000000000832
983.912000000000832
984.057000000000832
984.199000000000832
984.340000000000833
984.484000000000833
984.616000000000833
984.761000000000833
984.899000000000833
985.045000000000833
985.194000000000833
985.333000000000833
985.472000000000834
-4
27.9489999999999902
28.0499999999999901
28.18199999999999
28.3429999999999899
28.4859999999999898
28.6199999999999896
28.7649999999999895
28.8929999999999894
29.0199999999999893
29.1579999999999892
29.2899999999999891
29.418999999999989
29.5499999999999888
29.6929999999999887
29.8359999999999886
29.9779999999999885
30.1239999999999884
30.2539999999999883
30.3909999999999881
30.528999999999988
30.6649999999999879
30.8159999999999878
30.9529999999999877
31.1149999999999875
31.2539999999999874
31.4019999999999873
31.5389999999999872
31.682999999999987
31.8149999999999869
31.9659999999999868
32.1019999999999869
32.257999999999987
32.4139999999999871
32.5779999999999873
32.6569999999999874
32.8469999999999875
32.9779999999999876
33.1329999999999878
33.321999999999988
33.405999999999988
33.5409999999999881
33.6139999999999882
33.7879999999999884
33.8669999999999884
34.0119999999999886
34.3029999999999888
34.460999999999989
34.6109999999999891
34.7509999999999892
34.8599999999999893
35.0169999999999895
35.0419999999999895
35.2019999999999896
35.3489999999999897
35.5249999999999899
35.67299999999999
35.8209999999999902
36.1369999999999904
36.2849999999999906
36.3979999999999907
36.5779999999999908
36.750999999999991
36.8979999999999911
37.0299999999999912
37.1829999999999914
37.3139999999999915
37.4929999999999917
37.6429999999999918
37.8169999999999919
37.9599999999999921
38.5419999999999926
38.7129999999999927
38.984999999999993
39.2719999999999932
39.4099999999999934
39.5729999999999935
39.7359999999999936
39.8819999999999938
40.0219999999999939
40.2049999999999941
40.3359999999999942
40.4579999999999943
40.6389999999999944
40.7829999999999946
40.9249999999999947
41.3749999999999951
41.6939999999999954
41.8129999999999955
42.2819999999999959
42.426999999999996
42.5829999999999962
42.7919999999999964
43.0849999999999966
43.2709999999999968
43.552999999999997
44.4819999999999979
44.629999999999998
44.8159999999999982
45.2989999999999986
45.723999999999999
45.9869999999999992
46.3039999999999995
47.4250000000000005
47.7390000000000008
47.9290000000000009
48.5080000000000014
48.6640000000000016
49.2330000000000021
49.3000000000000021
49.5960000000000024
49.7810000000000026
50.0530000000000028
50.1330000000000029
50.280000000000003
50.4110000000000031
50.5500000000000032
50.6870000000000034
50.8310000000000035
50.9760000000000036
51.1260000000000038
51.2920000000000039
51.415000000000004
51.5530000000000041
51.7030000000000043
51.8510000000000044
51.9960000000000045
52.0640000000000046
52.1500000000000047
52.2920000000000048
52.3520000000000048
52.4450000000000049
52.6050000000000051
52.7250000000000052
52.8750000000000053
53.0350000000000055
53.1850000000000056
53.3270000000000057
53.4800000000000059
53.629000000000006
53.7950000000000061
53.9370000000000063
53.9990000000000063
54.0820000000000064
54.2310000000000065
54.3840000000000067
54.5460000000000068
54.6930000000000069
54.8440000000000071
55.950000000000008
55.9850000000000081
56.0920000000000082
56.2570000000000083
56.4090000000000085
56.5620000000000086
56.7200000000000087
56.7700000000000088
56.8610000000000089
57.008000000000009
57.1910000000000091
57.3000000000000092
57.4870000000000094
57.6320000000000095
58.17800000000001
58.3520000000000102
58.5160000000000103
58.6550000000000104
58.8210000000000106
58.9180000000000107
59.1140000000000109
59.224000000000011
59.3840000000000111
59.5270000000000112
59.6800000000000114
59.8170000000000115
59.9650000000000116
60.1280000000000118
60.2550000000000119
65.6530000000000167
65.9500000000000169
66.1050000000000171
66.2490000000000172
66.3890000000000173
66.5260000000000174
66.6660000000000176
66.8090000000000177
66.9490000000000178
67.103000000000018
67.2360000000000181
67.3830000000000182
67.5290000000000183
67.6850000000000185
67.8340000000000186
67.9910000000000187
68.1390000000000189
68.299000000000019
68.4450000000000191
68.5970000000000193
68.7460000000000194
68.8970000000000195
69.0940000000000197
69.3080000000000199
69.4720000000000201
69.6540000000000202
69.8200000000000204
69.9640000000000205
70.1230000000000206
70.3050000000000208
70.496000000000021
70.6540000000000211
102.2330000000000492
102.3760000000000493
102.5230000000000494
102.6710000000000495
102.8110000000000497
102.9500000000000498
103.0850000000000499
103.22300000000005
103.3570000000000502
103.4870000000000503
103.6260000000000504
103.7840000000000505
103.9320000000000507
104.0810000000000508
104.1950000000000509
104.355000000000051
104.4790000000000512
104.6160000000000513
104.7660000000000514
104.8880000000000515
105.0370000000000516
105.1590000000000518
105.2960000000000519
105.445000000000052
105.5890000000000521
105.7310000000000523
105.8740000000000524
106.0460000000000525
106.1700000000000526
106.3590000000000528
106.527000000000053
106.6590000000000531
106.7950000000000532
106.9570000000000534
107.0380000000000534
107.0550000000000534
107.2050000000000536
107.3490000000000537
107.4860000000000538
107.628000000000054
107.8180000000000541
107.9390000000000542
108.2690000000000545
108.5860000000000548
108.845000000000055
109.0180000000000552
109.1740000000000553
109.6270000000000557
110.8800000000000568
110.9650000000000569
111.103000000000057
111.2430000000000572
112.4390000000000582
112.5980000000000584
112.7490000000000585
112.9180000000000586
113.322000000000059
113.5000000000000592
113.7860000000000594
114.3660000000000599
114.5250000000000601
114.5500000000000601
114.7080000000000602
115.2810000000000607
115.4360000000000609
116.2420000000000616
116.3640000000000617
116.5290000000000618
116.677000000000062
119.4940000000000645
119.5220000000000645
119.9650000000000649
120.3020000000000652
120.4920000000000654
120.7780000000000656
120.8110000000000656
120.9420000000000658
121.257000000000066
121.4280000000000662
121.5880000000000664
122.6690000000000673
122.8040000000000674
123.2380000000000678
187.973000000000125
188.096000000000125
188.134000000000125
188.236000000000126
188.380000000000126
188.526000000000126
188.663000000000126
188.807000000000126
188.940000000000126
189.067000000000126
189.192000000000126
189.325000000000127
189.455000000000127
189.597000000000127
189.730000000000127
189.859000000000127
190.009000000000127
190.132000000000127
190.264000000000127
190.404000000000127
190.550000000000128
190.677000000000128
190.830000000000128
190.963000000000128
191.105000000000128
191.270000000000128
191.424000000000128
191.539000000000128
191.710000000000129
191.821000000000129
191.976000000000129
192.097000000000129
193.02700000000013
193.45200000000013
193.55500000000013
193.898000000000131
194.605000000000131
194.763000000000131
195.627000000000132
196.347000000000133
198.498000000000135
198.614000000000135
199.107000000000135
200.396000000000136
200.820000000000137
200.926000000000137
201.112000000000137
201.204000000000137
201.839000000000138
201.976000000000138
202.580000000000138
207.955000000000143
207.995000000000143
208.104000000000143
208.152000000000143
208.177000000000143
208.304000000000143
208.437000000000143
208.620000000000144
212.029000000000147
212.170000000000147
212.330000000000147
212.497000000000147
212.683000000000147
212.845000000000147
213.413000000000148
213.555000000000148
213.720000000000148
213.875000000000148
214.035000000000148
214.202000000000149
214.271000000000149
214.359000000000149
214.393000000000149
214.528000000000149
214.713000000000149
214.886000000000149
215.060000000000149
215.24700000000015
215.40900000000015
215.56400000000015
215.71900000000015
215.87300000000015
216.02100000000015
216.18600000000015
216.32700000000015
216.474000000000151
216.634000000000151
216.803000000000151
216.836000000000151
217.016000000000151
217.197000000000151
217.331000000000151
217.461000000000151
217.609000000000152
217.756000000000152
217.897000000000152
218.041000000000152
218.186000000000152
218.340000000000152
218.479000000000152
218.620000000000153
218.773000000000153
218.902000000000153
219.053000000000153
219.189000000000153
219.354000000000153
219.502000000000153
219.623000000000153
219.761000000000154
219.937000000000154
220.064000000000154
220.229000000000154
220.357000000000154
220.375000000000154
220.528000000000154
220.664000000000154
220.814000000000154
220.960000000000155
221.086000000000155
221.221000000000155
221.365000000000155
221.516000000000155
221.672000000000155
221.801000000000155
221.930000000000155
272.1220000000002
272.2670000000002
272.4120000000002
272.5500000000002
272.678000000000201
272.803000000000201
272.928000000000201
273.050000000000201
273.176000000000201
273.307000000000201
273.439000000000201
273.577000000000201
273.710000000000201
273.836000000000202
273.978000000000202
274.112000000000202
274.254000000000202
274.375000000000202
274.502000000000202
274.657000000000202
274.795000000000202
274.929000000000203
275.071000000000203
275.216000000000203
275.341000000000203
275.519000000000203
275.634000000000203
275.779000000000203
275.892000000000203
276.050000000000204
276.195000000000204
276.319000000000204
276.472000000000204
276.599000000000204
276.630000000000204
276.764000000000204
276.934000000000204
277.058000000000204
277.085000000000204
277.237000000000205
277.394000000000205
277.509000000000205
277.690000000000205
277.970000000000205
278.134000000000205
278.262000000000205
278.406000000000206
278.702000000000206
278.989000000000206
279.124000000000206
279.277000000000206
279.415000000000207
279.547000000000207
279.675000000000207
279.830000000000207
279.983000000000207
280.112000000000207
280.287000000000207
280.712000000000208
281.034000000000208
281.182000000000208
281.653000000000208
281.780000000000209
281.966000000000209
282.064000000000209
282.452000000000209
282.594000000000209
282.79800000000021
283.09000000000021
283.23500000000021
283.37900000000021
283.51000000000021
283.83200000000021
283.940000000000211
284.111000000000211
284.245000000000211
284.391000000000211
284.510000000000211
284.646000000000211
284.666000000000211
284.794000000000211
285.091000000000212
285.253000000000212
285.376000000000212
285.523000000000212
285.651000000000212
285.792000000000212
285.923000000000212
286.073000000000212
286.260000000000213
286.420000000000213
286.539000000000213
286.667000000000213
286.824000000000213
286.969000000000213
287.128000000000213
287.273000000000213
287.407000000000214
287.555000000000214
287.701000000000214
287.876000000000214
288.004000000000214
288.151000000000214
288.275000000000214
288.785000000000215
288.934000000000215
289.079000000000215
289.220000000000215
289.381000000000215
289.659000000000216
289.820000000000216
289.959000000000216
290.125000000000216
290.242000000000216
290.393000000000216
290.528000000000216
290.712000000000217
290.832000000000217
290.953000000000217
291.088000000000217
291.244000000000217
291.414000000000217
291.681000000000217
291.812000000000218
291.952000000000218
292.118000000000218
292.247000000000218
292.379000000000218
292.532000000000218
292.670000000000218
292.804000000000218
292.956000000000219
293.028000000000219
293.103000000000219
293.267000000000219
293.579000000000219
293.723000000000219
293.879000000000219
294.030000000000219
294.17200000000022
294.46100000000022
294.61800000000022
294.77600000000022
294.80100000000022
294.91000000000022
295.05400000000022
295.226000000000221
295.351000000000221
295.488000000000221
295.617000000000221
295.786000000000221
295.941000000000221
295.977000000000221
296.084000000000221
296.244000000000221
296.382000000000222
296.667000000000222
296.848000000000222
296.993000000000222
297.161000000000222
297.189000000000222
297.304000000000222
297.585000000000223
297.727000000000223
297.885000000000223
298.033000000000223
298.142000000000223
301.497000000000226
301.652000000000226
301.808000000000226
301.974000000000227
302.124000000000227
302.259000000000227
302.414000000000227
302.564000000000227
302.739000000000227
302.898000000000227
303.064000000000228
303.218000000000228
303.382000000000228
303.536000000000228
303.576000000000228
303.718000000000228
303.746000000000228
303.906000000000228
304.083000000000228
304.257000000000229
304.303000000000229
304.447000000000229
304.493000000000229
304.628000000000229
304.803000000000229
304.827000000000229
304.973000000000229
305.144000000000229
305.168000000000229
305.31800000000023
305.47700000000023
305.63300000000023
305.80100000000023
305.84300000000023
305.96100000000023
306.11700000000023
306.26400000000023
306.41400000000023
306.557000000000231
306.700000000000231
306.850000000000231
307.033000000000231
307.208000000000231
307.348000000000231
307.471000000000231
307.637000000000232
307.935000000000232
308.067000000000232
308.175000000000232
308.352000000000232
308.500000000000232
308.653000000000232
308.933000000000233
309.284000000000233
309.619000000000233
310.540000000000234
311.010000000000235
311.668000000000235
311.693000000000235
311.837000000000235
311.999000000000235
312.388000000000236
312.541000000000236
313.345000000000237
313.446000000000237
313.638000000000237
314.376000000000238
314.546000000000238
314.698000000000238
314.856000000000238
314.995000000000238
315.244000000000238
315.388000000000238
316.001000000000239
316.300000000000239
316.59100000000024
316.74700000000024
316.88000000000024
317.03800000000024
317.17500000000024
317.32500000000024
317.47000000000024
317.61500000000024
317.777000000000241
317.918000000000241
318.065000000000241
318.206000000000241
318.353000000000241
318.503000000000241
319.446000000000242
319.642000000000242
320.381000000000243
320.851000000000243
320.986000000000243
321.442000000000244
321.590000000000244
321.856000000000244
322.139000000000244
322.470000000000245
322.746000000000245
322.882000000000245
323.030000000000245
323.176000000000245
323.333000000000246
323.933000000000246
324.398000000000246
324.819000000000247
325.110000000000247
325.258000000000247
325.324000000000247
325.401000000000247
325.569000000000248
325.731000000000248
325.853000000000248
325.993000000000248
326.157000000000248
326.289000000000248
326.432000000000248
326.607000000000248
326.733000000000249
326.893000000000249
327.045000000000249
327.217000000000249
327.349000000000249
327.475000000000249
327.632000000000249
327.795000000000249
327.97700000000025
328.12100000000025
328.41400000000025
328.73900000000025
328.87900000000025
329.023000000000251
329.171000000000251
329.300000000000251
329.620000000000251
329.760000000000251
329.905000000000251
329.986000000000251
334.212000000000255
334.343000000000255
334.375000000000255
334.490000000000255
334.649000000000256
334.805000000000256
334.958000000000256
335.116000000000256
335.261000000000256
335.402000000000256
335.547000000000256
335.698000000000256
335.844000000000257
335.993000000000257
336.153000000000257
336.299000000000257
336.444000000000257
336.600000000000257
336.750000000000257
336.897000000000258
337.065000000000258
337.204000000000258
337.354000000000258
337.525000000000258
337.681000000000258
337.839000000000258
337.985000000000259
338.134000000000259
338.312000000000259
338.447000000000259
338.638000000000259
338.761000000000259
338.919000000000259
339.07600000000026
339.21700000000026
339.37000000000026
339.53900000000026
339.68800000000026
339.83700000000026
339.99500000000026
340.14700000000026
340.302000000000261
340.442000000000261
340.602000000000261
340.749000000000261
340.886000000000261
341.039000000000261
341.169000000000261
341.337000000000262
341.502000000000262
341.684000000000262
342.021000000000262
342.174000000000262
342.647000000000263
342.793000000000263
342.999000000000263
343.133000000000263
343.328000000000263
343.507000000000263
343.657000000000264
343.800000000000264
343.963000000000264
344.136000000000264
344.305000000000264
344.464000000000264
344.631000000000264
344.779000000000265
344.932000000000265
345.086000000000265
345.240000000000265
345.402000000000265
345.707000000000265
345.844000000000266
345.985000000000266
346.126000000000266
346.265000000000266
346.405000000000266
346.551000000000266
346.699000000000266
346.833000000000266
346.977000000000267
347.114000000000267
347.256000000000267
347.395000000000267
347.544000000000267
347.680000000000267
347.821000000000267
347.965000000000267
348.093000000000268
348.237000000000268
348.380000000000268
348.545000000000268
348.682000000000268
348.817000000000268
348.957000000000268
349.098000000000268
349.227000000000269
349.368000000000269
349.523000000000269
349.657000000000269
349.773000000000269
353.026000000000272
353.051000000000272
353.171000000000272
353.198000000000272
353.325000000000272
353.350000000000272
353.468000000000272
353.607000000000272
353.753000000000273
353.895000000000273
354.039000000000273
354.215000000000273
354.381000000000273
354.509000000000273
354.935000000000274
355.086000000000274
355.231000000000274
355.377000000000274
355.543000000000274
355.705000000000274
355.872000000000274
356.016000000000275
356.126000000000275
356.353000000000275
356.502000000000275
356.582000000000275
356.731000000000275
356.801000000000275
356.885000000000275
357.053000000000275
357.195000000000276
357.340000000000276
357.492000000000276
357.638000000000276
357.784000000000276
357.934000000000276
358.091000000000276
358.236000000000277
358.390000000000277
358.575000000000277
358.715000000000277
358.867000000000277
359.009000000000277
359.135000000000277
359.300000000000277
359.450000000000278
359.600000000000278
359.708000000000278
360.200000000000278
360.303000000000278
360.328000000000278
360.667000000000279
360.702000000000279
360.840000000000279
360.892000000000279
361.008000000000279
361.166000000000279
361.334000000000279
361.377000000000279
361.516000000000279
361.72000000000028
361.86400000000028
361.95700000000028
362.06400000000028
362.25900000000028
362.765000000000281
362.891000000000281
363.036000000000281
363.069000000000281
363.205000000000281
363.378000000000281
363.557000000000281
363.859000000000282
364.166000000000282
364.330000000000282
364.484000000000282
364.623000000000282
364.768000000000282
364.893000000000282
365.038000000000283
365.183000000000283
365.326000000000283
365.473000000000283
365.618000000000283
365.758000000000283
365.924000000000283
366.074000000000283
366.270000000000284
366.369000000000284
366.516000000000284
366.655000000000284
366.807000000000284
366.971000000000284
367.126000000000284
367.266000000000285
367.441000000000285
367.553000000000285
367.736000000000285
367.846000000000285
368.042000000000285
368.150000000000285
368.292000000000285
368.439000000000286
372.98400000000029
373.31300000000029
373.47000000000029
373.61500000000029
373.75400000000029
373.89500000000029
374.038000000000291
374.181000000000291
374.331000000000291
374.475000000000291
374.611000000000291
374.761000000000291
374.911000000000291
375.070000000000291
375.217000000000292
375.362000000000292
375.514000000000292
375.664000000000292
375.812000000000292
375.962000000000292
376.114000000000292
376.267000000000293
376.420000000000293
376.564000000000293
376.716000000000293
376.857000000000293
376.997000000000293
377.111000000000293
377.445000000000294
377.642000000000294
377.818000000000294
377.987000000000294
378.129000000000294
378.168000000000294
378.313000000000294
378.481000000000294
378.532000000000295
378.704000000000295
378.874000000000295
379.062000000000295
379.224000000000295
379.379000000000295
379.540000000000295
379.687000000000296
379.845000000000296
379.991000000000296
380.141000000000296
380.283000000000296
380.440000000000296
380.595000000000296
380.744000000000296
380.874000000000297
381.008000000000297
535.800000000000434
535.930000000000434
536.056000000000434
536.187000000000435
536.306000000000435
909.421000000000766
909.566000000000766
909.704000000000766
909.846000000000766
909.987000000000767
910.117000000000767
910.248000000000767
910.388000000000767
912.494000000000769
912.643000000000769
912.792000000000769
912.936000000000769
913.073000000000769
913.209000000000769
913.34000000000077
913.47100000000077
913.60000000000077
913.75400000000077
913.91500000000077
914.05100000000077
914.19500000000077
914.33300000000077
914.484000000000771
914.628000000000771
914.765000000000771
914.923000000000771
915.054000000000771
915.197000000000771
915.348000000000771
915.489000000000771
915.651000000000772
916.238000000000772
916.394000000000772
916.545000000000772
916.698000000000772
916.881000000000773
917.085000000000773
917.360000000000773
917.509000000000773
917.668000000000773
917.847000000000774
918.130000000000774
918.262000000000774
918.404000000000774
918.677000000000774
918.851000000000774
919.004000000000774
919.163000000000775
919.322000000000775
919.488000000000775
919.640000000000775
919.784000000000775
919.950000000000775
920.116000000000776
920.264000000000776
920.288000000000776
920.432000000000776
920.573000000000776
920.586000000000776
920.735000000000776
920.889000000000776
921.037000000000776
921.174000000000776
921.194000000000776
921.326000000000777
921.481000000000777
921.627000000000777
921.645000000000777
921.794000000000777
921.945000000000777
922.093000000000777
922.245000000000777
922.390000000000778
922.520000000000778
922.543000000000778
922.687000000000778
922.855000000000778
922.988000000000778
923.141000000000778
923.273000000000778
923.428000000000778
923.575000000000779
923.721000000000779
923.869000000000779
923.880000000000779
924.025000000000779
924.168000000000779
924.312000000000779
924.457000000000779
924.62000000000078
924.76300000000078
924.90600000000078
925.09400000000078
925.11100000000078
925.24500000000078
925.39700000000078
925.41600000000078
925.57100000000078
925.70500000000078
925.841000000000781
925.860000000000781
926.006000000000781
926.139000000000781
926.291000000000781
926.425000000000781
926.447000000000781
926.597000000000781
926.733000000000781
926.926000000000782
927.039000000000782
927.234000000000782
927.354000000000782
927.483000000000782
927.615000000000782
927.634000000000782
927.766000000000782
928.231000000000783
928.265000000000783
928.418000000000783
928.555000000000783
928.689000000000783
928.841000000000783
929.074000000000784
929.099000000000784
929.270000000000784
929.306000000000784
929.639000000000784
929.789000000000784
929.912000000000784
930.087000000000784
930.128000000000784
930.269000000000784
930.440000000000785
930.636000000000785
930.834000000000785
931.097000000000785
931.153000000000785
931.271000000000785
931.308000000000785
931.448000000000786
931.627000000000786
931.807000000000786
931.967000000000786
932.137000000000786
932.303000000000786
932.470000000000786
932.608000000000787
932.747000000000787
932.925000000000787
933.054000000000787
933.067000000000787
933.201000000000787
933.349000000000787
933.523000000000787
933.661000000000788
933.792000000000788
933.938000000000788
934.143000000000788
934.284000000000788
934.428000000000788
934.559000000000788
934.696000000000788
934.846000000000789
934.973000000000789
935.155000000000789
935.312000000000789
935.472000000000789
935.596000000000789
935.769000000000789
935.90900000000079
936.03500000000079
936.17900000000079
936.33700000000079
936.50200000000079
936.65300000000079
936.78400000000079
936.93300000000079
937.082000000000791
937.260000000000791
937.352000000000791
937.365000000000791
937.569000000000791
937.668000000000791
937.823000000000791
937.933000000000791
938.129000000000792
938.245000000000792
938.409000000000792
938.567000000000792
938.718000000000792
938.854000000000792
939.002000000000792
939.156000000000792
939.278000000000793
939.443000000000793
939.589000000000793
939.752000000000793
939.906000000000793
940.049000000000793
940.545000000000794
940.651000000000794
940.871000000000794
952.068000000000804
952.213000000000804
952.362000000000804
952.498000000000804
952.648000000000804
952.787000000000805
952.917000000000805
953.053000000000805
953.186000000000805
953.322000000000805
953.464000000000805
953.614000000000805
953.754000000000805
953.909000000000806
954.051000000000806
954.189000000000806
954.336000000000806
954.477000000000806
954.624000000000806
954.770000000000806
954.919000000000806
955.063000000000807
955.202000000000807
955.358000000000807
955.499000000000807
955.650000000000807
955.782000000000807
955.919000000000807
956.053000000000808
956.205000000000808
956.387000000000808
956.516000000000808
956.785000000000808
956.930000000000808
957.064000000000808
957.213000000000808
957.580000000000809
957.721000000000809
957.878000000000809
958.003000000000809
958.142000000000809
958.30300000000081
958.44300000000081
958.58000000000081
958.73300000000081
958.87700000000081
959.01300000000081
959.15800000000081
959.29200000000081
959.41800000000081
959.598000000000811
959.760000000000811
959.902000000000811
959.932000000000811
960.068000000000811
960.118000000000811
960.254000000000811
960.408000000000811
960.694000000000812
960.931000000000812
961.053000000000812
961.164000000000812
966.771000000000817
966.912000000000817
967.054000000000817
967.201000000000817
967.345000000000818
967.482000000000818
967.618000000000818
967.755000000000818
967.887000000000818
968.029000000000818
968.164000000000818
968.314000000000818
968.440000000000818
968.572000000000819
968.717000000000819
968.853000000000819
968.994000000000819
969.149000000000819
969.279000000000819
969.420000000000819
969.570000000000819
969.72600000000082
969.85100000000082
970.01800000000082
970.15800000000082
970.32000000000082
970.44300000000082
970.59700000000082
970.76800000000082
970.905000000000821
971.045000000000821
971.164000000000821
971.305000000000821
971.459000000000821
971.639000000000821
971.792000000000822
971.944000000000822
972.048000000000822
972.219000000000822
972.383000000000822
972.520000000000822
972.651000000000822
972.776000000000822
972.807000000000822
972.945000000000822
972.985000000000822
973.097000000000823
973.117000000000823
973.305000000000823
973.421000000000823
973.471000000000823
973.586000000000823
973.951000000000823
974.288000000000824
974.363000000000824
974.539000000000824
974.623000000000824
974.858000000000824
974.950000000000824
975.320000000000825
975.498000000000825
975.808000000000825
975.959000000000825
976.114000000000825
976.139000000000825
976.335000000000825
976.446000000000826
976.468000000000826
976.636000000000826
976.794000000000826
976.920000000000826
977.221000000000826
977.345000000000826
977.486000000000826
977.626000000000827
977.772000000000827
977.932000000000827
978.073000000000827
978.205000000000827
978.374000000000827
978.498000000000827
978.634000000000828
978.784000000000828
978.921000000000828
979.030000000000828
979.204000000000828
979.341000000000828
979.509000000000828
979.688000000000828
982.527000000000831
982.563000000000831
982.672000000000831
982.826000000000831
982.867000000000831
982.999000000000831
983.036000000000831
983.191000000000832
983.351000000000832
983.517000000000832
983.692000000000832
983.844000000000832
983.990000000000832
984.132000000000832
984.270000000000832
984.412000000000833
984.547000000000833
984.689000000000833
984.831000000000833
984.967000000000833
985.122000000000833
985.255000000000833
985.393000000000834
985.519000000000834
0
0
0
0
0
3600
0
0
0
0
0
0
0
3600.00099999983085
0
0
0
0
0
0
