7
28
17
7
28
17
pcf1.04
perfusionday
0
2
7
16
51
8
17
19
22
4
.3
1
1
1
1
1961
1961
1
1
1
1
1
1
1
1
1
1
1
1
1
1
1
1
1
1
1
1
0
-1
-2
1960
-3
34.8749999999999893
34.9929999999999894
35.1179999999999895
35.3769999999999898
35.4999999999999899
35.62899999999999
35.7549999999999901
35.8829999999999902
36.0119999999999903
36.1399999999999905
36.2669999999999906
36.3929999999999907
36.5209999999999908
36.6529999999999909
36.792999999999991
36.9239999999999911
37.0529999999999913
37.1889999999999914
37.3259999999999915
37.4649999999999916
37.6069999999999918
37.7379999999999919
37.871999999999992
38.0219999999999921
42.9939999999999965
43.9639999999999974
44.0989999999999975
44.2429999999999976
44.3899999999999978
44.5299999999999979
44.671999999999998
47.3380000000000004
47.4770000000000005
48.1370000000000011
48.2790000000000012
48.4230000000000014
48.5640000000000015
48.7000000000000016
48.9860000000000019
49.122000000000002
49.2600000000000021
49.3940000000000022
49.5320000000000023
49.6650000000000025
49.8130000000000026
49.9480000000000027
50.0770000000000028
50.210000000000003
51.1960000000000038
51.3320000000000039
51.7580000000000043
51.8900000000000044
52.0340000000000046
52.1840000000000047
52.3300000000000048
52.474000000000005
52.6150000000000051
54.3150000000000066
55.3360000000000075
55.4620000000000076
55.5370000000000077
55.5990000000000077
55.7420000000000079
56.3320000000000084
56.4720000000000085
56.8950000000000089
57.9100000000000098
58.7650000000000106
58.9090000000000107
59.0560000000000108
59.2160000000000109
59.3610000000000111
59.5030000000000112
59.6520000000000113
59.7980000000000115
59.9400000000000116
60.0980000000000117
60.379000000000012
60.5300000000000121
60.6790000000000122
60.8250000000000124
60.9600000000000125
63.9220000000000151
64.0410000000000152
64.1760000000000154
64.3240000000000155
64.4610000000000156
64.5950000000000157
64.7340000000000158
64.878000000000016
65.0130000000000161
65.2840000000000163
66.1480000000000171
66.2730000000000172
66.5640000000000175
66.6910000000000176
66.8530000000000177
67.2870000000000181
67.4160000000000182
67.8300000000000186
72.0880000000000224
72.1370000000000224
72.1890000000000225
72.4640000000000227
72.5440000000000228
72.6060000000000228
72.746000000000023
72.821000000000023
72.8810000000000231
74.6930000000000247
74.8330000000000248
104.357000000000051
104.4630000000000511
104.5820000000000512
104.7330000000000514
104.8550000000000515
104.9870000000000516
105.1170000000000517
105.2490000000000518
105.383000000000052
105.5090000000000521
105.6520000000000522
105.7930000000000523
105.9220000000000524
106.0520000000000525
106.1870000000000527
106.3240000000000528
106.4680000000000529
106.615000000000053
106.7550000000000532
106.9010000000000533
107.0400000000000534
107.1870000000000536
107.3190000000000537
107.4540000000000538
107.5860000000000539
107.729000000000054
107.8670000000000542
107.9970000000000543
108.1460000000000544
108.7370000000000549
108.876000000000055
109.0130000000000552
109.1450000000000553
109.2800000000000554
109.4210000000000555
109.5450000000000556
109.5650000000000557
109.6770000000000558
109.6950000000000558
109.8690000000000559
110.6850000000000567
112.3640000000000582
113.0900000000000588
113.1890000000000589
113.331000000000059
113.4670000000000591
118.2880000000000634
118.4470000000000636
118.5740000000000637
118.6460000000000637
118.7150000000000638
118.8550000000000639
119.1290000000000642
121.0880000000000659
121.9270000000000666
122.0670000000000668
122.2150000000000669
122.362000000000067
126.9580000000000711
127.1030000000000712
128.523000000000072
129.117000000000073
131.207000000000075
131.268000000000075
131.312000000000075
131.465000000000075
131.607000000000075
131.739000000000075
131.874000000000075
133.388000000000077
133.548000000000077
135.300000000000079
135.430000000000079
135.565000000000079
135.703000000000079
139.508000000000082
139.620000000000082
139.755000000000082
139.887000000000083
140.023000000000083
140.170000000000083
140.314000000000083
140.453000000000083
140.593000000000083
140.725000000000083
140.860000000000083
140.990000000000084
141.425000000000084
141.550000000000084
141.708000000000084
141.851000000000084
141.987000000000084
142.150000000000085
142.296000000000085
142.440000000000085
142.587000000000085
142.728000000000085
142.872000000000085
143.025000000000085
143.153000000000085
143.289000000000086
143.430000000000086
143.567000000000086
143.711000000000086
145.128000000000087
145.257000000000087
148.961000000000091
149.107000000000091
149.247000000000091
150.072000000000092
150.209000000000092
152.350000000000094
155.330000000000096
155.444000000000096
155.598000000000097
155.743000000000097
155.884000000000097
156.025000000000097
156.080000000000097
156.158000000000097
156.292000000000097
156.435000000000097
156.563000000000097
156.731000000000098
157.248000000000098
157.381000000000098
157.515000000000098
157.651000000000098
157.784000000000098
157.919000000000099
158.061000000000099
158.199000000000099
158.335000000000099
158.473000000000099
191.831000000000129
191.926000000000129
192.042000000000129
192.154000000000129
192.282000000000129
192.406000000000129
192.538000000000129
192.670000000000129
192.79000000000013
192.91600000000013
193.04600000000013
193.18000000000013
193.31400000000013
193.44600000000013
193.59000000000013
193.73400000000013
193.869000000000131
193.998000000000131
194.132000000000131
194.262000000000131
194.533000000000131
194.670000000000131
194.814000000000131
198.723000000000135
198.862000000000135
199.002000000000135
199.150000000000135
199.285000000000135
199.419000000000135
200.215000000000136
200.346000000000136
200.490000000000136
200.617000000000137
200.885000000000137
201.017000000000137
201.155000000000137
201.937000000000138
202.085000000000138
202.222000000000138
202.354000000000138
202.493000000000138
202.618000000000138
204.79100000000014
204.91800000000014
211.840000000000146
211.947000000000147
212.089000000000147
212.220000000000147
212.348000000000147
212.485000000000147
212.622000000000147
212.755000000000147
212.886000000000147
213.036000000000148
213.191000000000148
213.328000000000148
213.467000000000148
213.741000000000148
213.873000000000148
214.007000000000148
214.148000000000149
214.287000000000149
214.436000000000149
217.288000000000151
217.399000000000151
217.675000000000152
217.816000000000152
217.869000000000152
217.951000000000152
218.092000000000152
218.217000000000152
218.479000000000152
218.531000000000152
218.545000000000152
218.918000000000153
220.568000000000154
220.642000000000154
220.711000000000154
220.858000000000155
220.984000000000155
221.052000000000155
221.126000000000155
221.258000000000155
221.387000000000155
221.522000000000155
221.667000000000155
221.808000000000155
221.944000000000155
266.094000000000195
266.192000000000195
266.303000000000195
266.420000000000195
266.543000000000195
266.672000000000195
266.796000000000195
266.920000000000195
267.047000000000196
267.171000000000196
267.301000000000196
267.393000000000196
267.585000000000196
267.707000000000196
267.836000000000196
267.962000000000196
268.095000000000196
268.241000000000197
268.364000000000197
268.417000000000197
268.489000000000197
268.618000000000197
268.745000000000197
268.872000000000197
269.004000000000197
269.131000000000197
269.271000000000198
269.406000000000198
269.528000000000198
269.655000000000198
269.794000000000198
269.921000000000198
270.042000000000198
270.180000000000198
270.306000000000198
270.435000000000199
270.585000000000199
270.714000000000199
270.847000000000199
270.988000000000199
271.120000000000199
271.249000000000199
271.375000000000199
271.517000000000199
271.6500000000002
271.7970000000002
271.9220000000002
272.0460000000002
272.1860000000002
272.3230000000002
272.4660000000002
273.645000000000201
273.776000000000202
273.916000000000202
274.038000000000202
274.181000000000202
274.310000000000202
274.438000000000202
274.573000000000202
274.701000000000202
274.834000000000202
274.966000000000203
275.145000000000203
275.266000000000203
275.400000000000203
276.340000000000204
276.486000000000204
276.622000000000204
276.783000000000204
276.909000000000204
277.075000000000204
277.216000000000205
277.373000000000205
277.510000000000205
277.666000000000205
277.794000000000205
277.936000000000205
278.076000000000205
278.209000000000205
278.344000000000206
278.633000000000206
278.771000000000206
278.922000000000206
279.054000000000206
279.204000000000206
279.339000000000206
279.477000000000207
279.626000000000207
279.762000000000207
279.945000000000207
280.077000000000207
280.217000000000207
281.397000000000208
281.523000000000208
281.691000000000209
281.827000000000209
281.962000000000209
282.093000000000209
282.240000000000209
282.378000000000209
282.510000000000209
282.650000000000209
282.78400000000021
282.92300000000021
282.98300000000021
283.07000000000021
283.21900000000021
284.091000000000211
284.222000000000211
284.379000000000211
284.526000000000211
284.683000000000211
284.826000000000211
284.978000000000211
285.132000000000212
285.302000000000212
285.456000000000212
285.503000000000212
285.580000000000212
285.716000000000212
285.841000000000212
285.982000000000212
286.137000000000212
286.274000000000213
286.410000000000213
286.584000000000213
286.711000000000213
286.769000000000213
286.876000000000213
287.024000000000213
287.155000000000213
287.303000000000214
290.505000000000216
290.619000000000216
290.773000000000217
290.901000000000217
291.036000000000217
291.181000000000217
291.307000000000217
291.442000000000217
291.587000000000217
291.731000000000217
291.883000000000218
292.017000000000218
292.165000000000218
292.333000000000218
292.494000000000218
292.630000000000218
304.135000000000228
304.250000000000229
304.381000000000229
304.503000000000229
304.636000000000229
304.766000000000229
304.899000000000229
305.028000000000229
305.161000000000229
305.30400000000023
305.44000000000023
305.57900000000023
305.72600000000023
305.86000000000023
305.99300000000023
306.14600000000023
306.28400000000023
306.41000000000023
306.940000000000231
307.080000000000231
307.241000000000231
307.381000000000231
307.539000000000232
307.694000000000232
307.843000000000232
307.983000000000232
308.267000000000232
308.408000000000232
308.552000000000232
308.703000000000232
308.849000000000233
309.146000000000233
309.295000000000233
309.419000000000233
309.856000000000234
309.995000000000234
310.180000000000234
310.310000000000234
312.062000000000236
312.206000000000236
312.346000000000236
312.481000000000236
312.634000000000236
312.768000000000236
313.055000000000236
313.189000000000236
313.319000000000237
313.514000000000237
313.650000000000237
340.775000000000261
340.888000000000261
341.005000000000261
341.135000000000261
341.254000000000261
341.389000000000262
341.510000000000262
341.647000000000262
341.774000000000262
341.897000000000262
342.025000000000262
342.166000000000262
342.308000000000262
342.439000000000262
342.577000000000263
342.705000000000263
342.836000000000263
342.939000000000263
344.585000000000264
344.717000000000264
344.888000000000265
345.015000000000265
347.814000000000267
348.787000000000268
348.932000000000268
349.061000000000268
349.210000000000268
349.336000000000269
349.451000000000269
349.611000000000269
349.754000000000269
349.916000000000269
350.048000000000269
350.184000000000269
350.45800000000027
350.59500000000027
350.75800000000027
350.92500000000027
351.08000000000027
351.21400000000027
351.35000000000027
351.491000000000271
351.620000000000271
351.772000000000271
351.905000000000271
352.087000000000271
352.242000000000271
352.377000000000271
352.520000000000271
352.674000000000272
352.812000000000272
352.963000000000272
353.103000000000272
353.261000000000272
353.353000000000272
353.572000000000272
353.693000000000272
354.852000000000274
354.975000000000274
355.143000000000274
355.279000000000274
355.421000000000274
355.561000000000274
355.696000000000274
355.834000000000274
355.972000000000274
356.104000000000275
356.267000000000275
356.405000000000275
356.552000000000275
356.687000000000275
357.794000000000276
357.944000000000276
358.075000000000276
358.226000000000276
358.367000000000277
358.509000000000277
358.670000000000277
358.812000000000277
428.277000000000339
428.393000000000339
428.525000000000339
428.654000000000339
428.783000000000339
428.909000000000339
429.036000000000339
429.16000000000034
429.28400000000034
429.41400000000034
429.55100000000034
429.67900000000034
429.79200000000034
429.93800000000034
430.06800000000034
430.20300000000034
430.346000000000341
430.477000000000341
430.611000000000341
430.739000000000341
431.065000000000341
431.189000000000341
431.308000000000341
431.486000000000342
431.631000000000342
431.793000000000342
431.920000000000342
432.067000000000342
432.191000000000342
433.878000000000344
434.003000000000344
434.151000000000344
434.271000000000344
434.415000000000344
434.547000000000344
434.674000000000344
434.803000000000344
434.935000000000345
435.069000000000345
435.211000000000345
435.374000000000345
435.512000000000345
435.642000000000345
435.770000000000345
435.902000000000346
436.045000000000346
436.092000000000346
436.197000000000346
436.317000000000346
447.984000000000356
448.205000000000356
448.356000000000357
448.487000000000357
448.627000000000357
448.758000000000357
448.920000000000357
449.036000000000357
449.181000000000357
449.305000000000357
449.450000000000358
449.587000000000358
449.750000000000358
449.874000000000358
449.999000000000358
450.174000000000358
450.320000000000358
450.452000000000358
450.588000000000359
450.732000000000359
451.256000000000359
451.438000000000359
451.575000000000359
451.73400000000036
451.85500000000036
451.99100000000036
452.14300000000036
452.31300000000036
452.45100000000036
452.60900000000036
452.73700000000036
452.875000000000361
453.019000000000361
453.153000000000361
453.284000000000361
453.423000000000361
453.579000000000361
453.716000000000361
453.874000000000361
454.991000000000362
455.110000000000363
455.255000000000363
455.393000000000363
455.531000000000363
455.664000000000363
455.808000000000363
455.966000000000363
456.132000000000363
456.314000000000364
456.458000000000364
456.607000000000364
456.791000000000364
456.923000000000364
457.068000000000364
457.435000000000365
457.583000000000365
457.714000000000365
458.702000000000366
458.843000000000366
458.997000000000366
459.148000000000366
459.291000000000366
461.466000000000368
461.571000000000368
461.735000000000368
461.877000000000369
462.031000000000369
462.195000000000369
462.333000000000369
462.482000000000369
462.619000000000369
462.763000000000369
462.922000000000369
463.05900000000037
463.19300000000037
464.360000000000371
464.517000000000371
464.660000000000371
464.814000000000371
464.957000000000371
465.103000000000371
465.259000000000372
465.406000000000372
465.581000000000372
465.721000000000372
465.891000000000372
466.035000000000372
466.178000000000372
467.317000000000373
467.450000000000374
467.616000000000374
470.193000000000376
470.325000000000376
471.913000000000378
1355.44800000000116
1356.00800000000116
1356.61800000000116
1356.97900000000116
1779.68000000000154
1815.89400000000157
1816.12000000000157
1817.20200000000157
1817.31800000000157
1817.45700000000157
2535.84999999994805
2596.44599999994137
2596.56299999994136
2596.71399999994135
2596.84799999994133
2596.98599999994132
2597.1109999999413
2597.27699999994128
2597.44099999994127
2597.57099999994125
2597.73599999994123
2598.0039999999412
2598.14199999994119
2598.27099999994117
2598.40499999994116
2598.55099999994114
2598.68299999994113
2598.82599999994111
2598.9609999999411
2599.13499999994108
2599.26899999994106
2599.40999999994105
2599.54299999994103
2599.69399999994102
2599.844999999941
2599.97799999994099
2600.10099999994097
2600.23799999994096
2600.38199999994094
2600.65699999994091
2600.7839999999409
2600.92699999994088
2601.10799999994086
2601.25499999994084
2601.41399999994083
2601.54899999994081
2601.6869999999408
2601.83399999994078
2601.96999999994077
2602.12299999994075
2602.26299999994073
2602.40699999994072
2602.5399999999407
2602.67999999994069
2602.96199999994066
2603.11599999994064
2603.33399999994062
2603.4759999999406
2603.64199999994058
2603.77899999994057
2603.92899999994055
2604.05599999994054
2604.19599999994052
2604.33299999994051
2604.77099999994046
2604.91199999994044
2605.07299999994042
2605.21899999994041
2605.34899999994039
2605.49899999994038
2605.63699999994036
2605.77899999994035
2605.89899999994033
2606.05499999994032
2606.2259999999403
2606.36099999994028
2606.63999999994025
2606.81099999994023
2606.96299999994022
2607.0979999999402
2607.23499999994019
2607.38499999994017
2607.51899999994016
2607.66299999994014
2607.81599999994012
2607.96799999994011
2608.14099999994009
2608.27799999994007
2608.42699999994006
2608.55999999994004
2608.71799999994002
2608.85199999994001
2608.98999999993999
2609.13599999993998
2609.27199999993996
2609.41499999993995
2609.56099999993993
2609.70499999993991
2609.8439999999399
2610.00299999993988
2611.03799999993977
2611.21099999993975
2611.35799999993973
2611.50599999993972
2611.6429999999397
2611.78099999993969
2611.93999999993967
2612.07299999993965
2612.21099999993964
2612.34799999993962
2612.49499999993961
2612.64399999993959
2612.80199999993957
2612.94599999993956
2613.09699999993954
2613.25899999993952
2613.42099999993951
2613.4819999999395
2613.58099999993949
2613.73799999993947
2613.87499999993946
2614.01799999993944
2614.16499999993942
2614.32899999993941
2614.46499999993939
2614.61199999993937
2614.78299999993936
2614.93499999993934
2615.09499999993932
2615.2679999999393
2615.40699999993929
2615.54999999993927
2615.69099999993926
2615.83199999993924
2615.97399999993922
2616.11899999993921
2616.27899999993919
2616.41899999993917
2616.59699999993916
2616.73599999993914
2616.88499999993912
2617.02899999993911
2617.18399999993909
2617.33199999993907
2617.39599999993907
2617.48499999993906
2617.67199999993904
2617.82199999993902
2617.89899999993901
2617.973999999939
2618.13999999993899
2618.27799999993897
2618.41999999993895
2618.57299999993894
2618.73999999993892
2618.8859999999389
2619.04699999993889
2619.20599999993887
2619.27599999993886
2619.35999999993885
2619.50699999993883
2619.8419999999388
2619.99299999993878
2620.08699999993877
2620.16199999993876
2620.31699999993875
2620.45699999993873
2620.54599999993872
2620.62699999993871
2620.77899999993869
2620.93699999993868
2621.10199999993866
2621.23699999993864
2621.38399999993863
2622.12599999993855
2622.29299999993853
2622.44299999993851
2622.60199999993849
2622.73199999993848
2622.87199999993846
2623.00599999993845
2623.16699999993843
2623.30499999993842
2623.4419999999384
2623.58799999993839
2623.73099999993837
2623.87599999993835
2624.03599999993834
2624.17199999993832
2624.31499999993831
2624.46599999993829
2624.61499999993827
2624.76899999993826
2624.91399999993824
2625.05899999993822
2625.20699999993821
2625.35599999993819
2625.51899999993817
2625.66399999993816
2625.81399999993814
2625.96599999993812
2626.11499999993811
2626.26299999993809
2626.40599999993808
2626.56599999993806
2626.71999999993804
2626.87499999993802
2627.01999999993801
2627.16399999993799
2627.32899999993797
2627.46999999993796
2627.61099999993794
2627.74899999993793
2627.89699999993791
2628.0409999999379
2628.18799999993788
2628.35099999993786
2628.49799999993784
2628.64799999993783
2628.72999999993782
2628.81799999993781
2628.94999999993779
2629.10699999993778
2629.41199999993774
2630.21299999993766
2630.34099999993764
2630.49699999993762
2630.64099999993761
2630.78399999993759
2630.92399999993758
2631.07199999993756
2631.23399999993754
2631.37899999993753
2631.51899999993751
2631.6619999999375
2631.80599999993748
2631.95399999993746
2632.10399999993745
2632.27499999993743
2632.41199999993741
2632.5719999999374
2632.71199999993738
2632.85699999993736
2632.99799999993735
2633.14199999993733
2633.20499999993733
2633.28599999993732
2633.4549999999373
2633.60099999993728
2633.66699999993728
2633.75099999993727
2633.89299999993725
2634.06099999993723
2634.19099999993722
2634.3269999999372
2636.143999999937
2636.32499999993698
2636.45499999993697
2636.60799999993695
2636.68599999993694
2636.76299999993693
2636.83899999993693
2636.92499999993692
2637.0719999999369
2637.21499999993688
2637.35399999993687
2637.49399999993685
2637.64199999993684
2637.80599999993682
2637.87899999993681
2637.9539999999368
2638.0279999999368
2638.10399999993679
2638.39299999993675
2638.54799999993674
2638.68599999993672
2638.83299999993671
2638.98099999993669
2639.12599999993667
2639.26899999993666
2639.43699999993664
2639.57599999993662
2639.71499999993661
2639.85699999993659
2640.00999999993658
2640.08199999993657
2640.16199999993656
2640.31999999993654
2640.39799999993653
2640.50699999993652
2640.63599999993651
2640.78299999993649
2641.51199999993641
2641.67999999993639
2641.85599999993637
2641.99299999993636
2642.14099999993634
2642.28599999993633
2642.36399999993632
2642.44399999993631
2642.58799999993629
2642.73399999993628
2642.88199999993626
2643.02999999993624
2643.17599999993623
2643.32299999993621
2643.48899999993619
2643.63499999993618
2643.77499999993616
2643.91999999993615
2644.06599999993613
2644.20799999993611
2644.3489999999361
2644.65499999993607
2644.78899999993605
2644.92899999993604
2645.06999999993602
2645.221999999936
2645.36499999993599
2645.53799999993597
2646.71899999993584
2646.86599999993582
2647.01099999993581
2647.16899999993579
2647.30899999993577
2647.45499999993576
2647.60399999993574
2647.74999999993572
2647.89199999993571
2648.03399999993569
2648.18399999993568
2648.33099999993566
2648.40599999993565
2648.50199999993564
2648.64499999993563
2648.79299999993561
2648.94699999993559
2649.08799999993558
2649.22899999993556
2649.37599999993555
2649.52099999993553
2649.66499999993551
2649.8059999999355
2649.94999999993548
2650.11499999993546
2650.24799999993545
2650.38399999993543
2650.52899999993542
2650.7219999999354
2651.91999999993526
2652.07299999993525
2652.21699999993523
2652.39299999993521
2652.5459999999352
2652.69699999993518
2652.78099999993517
2652.86099999993516
2653.01199999993514
2653.16199999993513
2653.30399999993511
2653.4499999999351
2653.62399999993508
2653.76699999993506
2653.90899999993505
2654.358999999935
2654.49999999993498
2654.64199999993497
2654.78499999993495
2654.93199999993493
2655.08399999993492
2655.2519999999349
2655.38499999993488
2655.52499999993487
2657.65299999993463
2657.77499999993462
2657.9239999999346
2658.07199999993459
2658.23199999993457
2658.29799999993456
2658.37299999993455
2658.52199999993454
2658.67099999993452
2658.81899999993451
2658.95899999993449
2659.10299999993447
2659.24699999993446
2659.39399999993444
2659.54099999993443
2659.68799999993441
2659.86199999993439
2660.01099999993437
2660.13599999993436
2662.43699999993411
2663.05399999993404
2663.21599999993402
2663.360999999934
2675.35899999993268
2675.49199999993267
2675.65699999993265
2675.78699999993264
2675.93699999993262
2676.0769999999326
2676.24299999993259
2676.94299999993251
2677.09799999993249
2683.90599999993174
2683.98299999993173
2684.01199999993173
2684.04999999993173
2684.18699999993171
2684.3309999999317
2684.46799999993168
2684.60899999993166
2684.75399999993165
2684.89899999993163
2685.05199999993162
2685.2039999999316
2685.28299999993159
2685.36499999993158
2685.51899999993156
2685.59199999993156
2685.67999999993155
2685.83699999993153
2686.00599999993151
2686.15499999993149
2686.30899999993148
2686.78399999993143
2686.95099999993141
2687.10699999993139
2687.19499999993138
2687.27699999993137
2687.44599999993135
2687.61599999993133
2687.69999999993132
2687.78599999993132
2687.9499999999313
2688.11799999993128
2688.26299999993126
2688.32699999993126
2688.41399999993125
2688.55699999993123
2688.72099999993121
2688.87799999993119
2689.06499999993117
2689.54499999993112
2689.7059999999311
2690.15799999993105
2690.640999999931
2690.78199999993099
2691.08499999993095
2691.38499999993092
2691.5119999999309
2691.82499999993087
2691.98699999993085
2692.12699999993084
2692.26899999993082
2692.75499999993077
2694.01299999993063
2694.14299999993061
2694.46499999993058
2694.61199999993056
2694.77699999993054
2694.92999999993053
2695.07899999993051
2695.2209999999305
2695.36799999993048
2695.50799999993046
2695.65099999993045
2695.79699999993043
2695.94099999993042
2696.1139999999304
2696.27199999993038
2696.35199999993037
2696.45499999993036
2696.60099999993034
2696.74099999993033
2696.88599999993031
2697.0369999999303
2697.18299999993028
2697.33299999993026
2697.51599999993024
2697.82999999993021
2697.98299999993019
2698.14399999993017
2698.28699999993016
2698.42899999993014
2698.71999999993011
2698.87399999993009
2699.66799999993001
2699.79899999992999
2699.95599999992997
2700.10499999992996
2700.26199999992994
2700.41799999992992
2700.57199999992991
2700.73099999992989
2700.82099999992988
2700.88499999992987
2700.95199999992986
2701.03499999992986
2701.17799999992984
2701.35999999992982
2701.45799999992981
2701.5239999999298
2701.67599999992979
2701.74699999992978
2701.83399999992977
2702.73699999992967
2702.89199999992965
2703.23699999992961
2703.3749999999296
2703.52599999992958
2703.66399999992957
2703.81499999992955
2703.95999999992953
2704.11799999992952
2704.2669999999295
2704.43099999992948
2704.57899999992947
2704.74599999992945
2704.90399999992943
2704.97299999992942
2705.05699999992941
2705.22099999992939
2705.37399999992938
2705.68999999992934
2705.84899999992933
2707.07899999992919
2707.23999999992917
2707.38899999992916
2707.54199999992914
2707.69299999992912
2707.84699999992911
2707.98599999992909
2708.13799999992907
2708.27899999992906
2708.44899999992904
2708.58799999992902
2708.771999999929
2708.90099999992899
2709.02699999992898
2709.19499999992896
2709.49099999992892
2709.99099999992887
2710.12299999992886
2710.33099999992883
2710.47599999992882
2710.54999999992881
2710.6339999999288
2710.80099999992878
2710.94799999992876
2711.09899999992875
2711.25299999992873
2711.40999999992871
2711.5619999999287
2711.73399999992868
2711.90099999992866
2712.04799999992864
2712.22999999992862
2712.36399999992861
2712.50699999992859
2727.08799999992699
2727.14699999992698
2727.20399999992697
2727.33599999992696
2727.46299999992695
2727.59999999992693
2727.76199999992691
2727.8969999999269
2734.56199999992616
2734.70999999992615
2734.85199999992613
2734.98399999992612
2735.1299999999261
2737.27799999992586
2737.43899999992585
2737.57399999992583
2746.08499999992489
2746.19099999992488
2746.35299999992486
2746.49599999992485
2746.63799999992483
2746.9529999999248
2747.05599999992479
2747.21099999992477
2747.76999999992471
2747.94899999992469
2748.11299999992467
2748.19099999992466
2748.27299999992465
2748.43199999992464
2748.59599999992462
2748.87299999992459
2749.32299999992454
2749.6829999999245
2749.73799999992449
2750.12299999992445
2750.79899999992438
2750.95199999992436
2751.25199999992433
2751.39499999992431
2751.76799999992427
2752.12899999992423
2752.26799999992421
2752.32599999992421
2752.4089999999242
2752.60299999992418
2752.76199999992416
2752.91399999992414
2758.01699999992358
2758.14199999992357
2758.29999999992355
2758.44699999992353
2759.09899999992346
2759.23299999992345
2759.38399999992343
2759.47899999992342
2759.57599999992341
2759.6359999999234
2759.72199999992339
2759.88399999992337
2760.02499999992336
2760.17499999992334
2760.33799999992332
2760.40599999992332
2760.5239999999233
2760.67699999992329
2760.86599999992327
2760.92399999992326
2761.21599999992323
2761.35499999992321
2761.70499999992317
2761.88499999992315
2762.04199999992314
2762.22099999992312
2762.27599999992311
2762.3429999999231
2762.66899999992307
2762.81699999992305
2762.91299999992304
2762.97699999992303
2763.13199999992302
2763.283999999923
2763.43199999992298
2763.62399999992296
2763.77599999992295
2763.91899999992293
2764.06099999992291
2764.2049999999229
3445.92599999984782
3446.01099999984781
3446.1229999998478
3446.27099999984778
3446.40199999984777
3446.53699999984775
3446.68199999984773
3446.83399999984772
3446.9669999998477
3447.10799999984769
3447.26199999984767
3447.38799999984766
3447.52999999984764
3447.66499999984763
3447.80599999984761
3447.95299999984759
3448.09299999984758
3448.24499999984756
3448.38599999984755
3448.53199999984753
3448.69599999984751
3448.8289999998475
3448.95999999984748
3449.09799999984747
3449.24199999984745
3449.38399999984744
3449.54899999984742
3449.7029999998474
3449.84899999984739
3450.00299999984737
3450.14899999984735
3450.30299999984734
3450.48999999984732
3450.6319999998473
3450.77299999984728
3450.92799999984727
3451.07099999984725
3451.41299999984721
3451.5599999998472
3451.70699999984718
3451.84399999984717
3452.00299999984715
3452.13699999984713
3452.20499999984713
3452.4279999998471
3452.57899999984709
3452.72999999984707
3452.87399999984705
3453.01599999984704
3453.15099999984702
3453.30299999984701
3453.45399999984699
3453.59299999984697
3453.73899999984696
3453.87899999984694
3454.02199999984693
3454.16699999984691
3454.31299999984689
3454.46499999984688
3454.63399999984686
3454.79899999984684
3454.96199999984682
3455.10699999984681
3455.24999999984679
3455.38999999984678
3455.53599999984676
3455.68499999984674
3455.82499999984673
3455.98599999984671
3456.12399999984669
3456.26099999984668
3456.40499999984666
3456.54799999984665
3456.68699999984663
3456.83499999984662
3456.9809999998466
3457.11999999984658
3457.26299999984657
3457.41699999984655
3457.55699999984654
3457.70099999984652
3457.83499999984651
3457.99199999984649
3458.12999999984647
3458.28199999984646
3458.42899999984644
3458.58399999984642
3458.72699999984641
3458.87199999984639
3459.01499999984638
3459.16199999984636
3459.30499999984634
3459.44699999984633
3459.60699999984631
3459.7489999998463
3459.89399999984628
3460.04699999984626
3460.18999999984625
3460.33699999984623
3460.47599999984622
3460.6299999998462
3460.79099999984618
3460.93099999984617
3461.07199999984615
3461.30899999984612
3461.37999999984612
3461.5369999998461
3461.83899999984607
3461.97799999984605
3462.13099999984603
3462.29499999984602
3462.434999999846
3462.57499999984598
3462.72399999984597
3462.86499999984595
3463.02099999984594
3463.16299999984592
3463.3289999998459
3463.46699999984589
3463.61099999984587
3463.75799999984585
3463.90499999984584
3464.07499999984582
3464.2149999998458
3464.35999999984579
3464.50199999984577
3464.66899999984575
3464.80599999984574
3466.17399999984559
3466.31499999984557
3466.45899999984556
3466.60599999984554
3466.74499999984552
3466.88199999984551
3467.02599999984549
3467.16599999984548
3467.31799999984546
3467.45699999984545
3467.59699999984543
3467.73699999984542
3467.8849999998454
3468.02599999984538
3468.17599999984537
3468.31799999984535
3468.48199999984533
3468.60999999984532
3468.7509999998453
3468.89899999984529
3469.04499999984527
3469.18499999984526
3469.33299999984524
3469.48099999984522
3469.64399999984521
3469.78499999984519
3469.92899999984517
3470.07499999984516
3470.22299999984514
3470.37299999984513
3470.51399999984511
3470.65799999984509
3470.80399999984508
3470.94299999984506
3471.09899999984505
3471.23499999984503
3471.37599999984502
3471.512999999845
3471.65599999984498
3471.80499999984497
3471.95199999984495
3472.11699999984493
3473.3279999998448
3473.47299999984478
3473.62099999984477
3473.77799999984475
3473.91099999984474
3474.05699999984472
3474.2089999998447
3474.45299999984468
3474.59599999984466
3474.74899999984464
3474.90699999984463
3475.05299999984461
3475.19599999984459
3475.33799999984458
3475.48299999984456
3475.62899999984455
3475.80499999984453
3476.0959999998445
3476.24999999984448
3476.38099999984446
3476.51999999984445
3476.67499999984443
3476.83499999984441
3476.9739999998444
3477.12699999984438
3477.26299999984437
3477.39999999984435
3477.54999999984434
3477.68499999984432
3477.8229999998443
3479.35799999984414
3479.49199999984412
3479.63199999984411
3479.77799999984409
3479.92099999984407
3480.06199999984406
3480.20199999984404
3480.34499999984403
3480.49599999984401
3480.632999999844
3480.77099999984398
3480.91299999984396
3481.05599999984395
3481.19799999984393
3481.33799999984392
3481.4979999998439
3481.63899999984388
3481.78099999984387
3481.92199999984385
3482.06799999984384
3482.21099999984382
3482.35399999984381
3482.50899999984379
3482.64799999984377
3482.80999999984376
3482.96699999984374
3483.09399999984372
3483.25199999984371
3483.39799999984369
3483.54099999984368
3483.68099999984366
3483.82599999984364
3483.98399999984363
3484.11199999984361
3484.2479999998436
3484.39599999984358
3484.54299999984356
3484.68599999984355
3484.82299999984353
3484.96299999984352
3485.1319999998435
3486.41399999984336
3486.51899999984335
3486.65999999984333
3486.80499999984332
3486.9539999998433
3487.09599999984328
3487.24199999984327
3487.38599999984325
3487.52899999984324
3487.68699999984322
3487.8289999998432
3487.97299999984319
3488.11799999984317
3488.26099999984316
3488.41299999984314
3488.57599999984312
3488.71299999984311
3488.85599999984309
3488.99699999984307
3489.14699999984306
3489.29699999984304
3489.44399999984302
3489.59699999984301
3489.74599999984299
3489.92599999984297
3490.07899999984296
3490.21699999984294
3490.35799999984292
3490.49999999984291
3490.64299999984289
3490.78699999984288
3490.93799999984286
3491.07899999984284
3491.21999999984283
3491.36299999984281
3491.5189999998428
3491.65699999984278
3493.00999999984263
3493.14699999984262
3493.2909999998426
3493.43099999984259
3493.57099999984257
3493.71299999984256
3493.87299999984254
3494.00099999984252
3494.14599999984251
3494.29099999984249
3494.43299999984248
3494.57499999984246
3494.73899999984244
3494.87799999984243
3495.02199999984241
3495.1649999998424
3495.31999999984238
3495.46599999984236
3495.60899999984235
3495.75499999984233
3495.92299999984231
3496.0649999998423
3496.21399999984228
3496.36799999984226
3496.51999999984225
3496.68199999984223
3496.8939999998422
3497.03699999984219
3497.17999999984217
3497.32599999984216
3497.50599999984214
3497.65199999984212
3497.8059999998421
3497.95999999984209
3498.09799999984207
3498.26099999984205
3498.40699999984204
3498.55299999984202
3498.62499999984201
3498.69899999984201
3498.84799999984199
3499.01199999984197
3499.15199999984196
3499.29299999984194
3499.44199999984192
3499.59499999984191
3499.73799999984189
3499.88299999984188
3500.04799999984186
3500.18999999984184
3500.33299999984183
3500.48099999984181
3500.62999999984179
3500.77499999984178
3500.91499999984176
3501.05999999984175
3501.21199999984173
3501.35499999984171
3501.5199999998417
3501.65899999984168
3501.79799999984166
3501.94099999984165
3503.01799999984153
3503.14599999984152
3503.2879999998415
3503.42899999984148
3503.56999999984147
3503.71599999984145
3503.85699999984144
3504.02299999984142
3504.1559999998414
3504.29899999984139
3504.44299999984137
3504.59299999984136
3504.73599999984134
3504.87499999984133
3505.03699999984131
3505.17599999984129
3505.31499999984128
3505.45799999984126
3505.61099999984124
3505.75399999984123
3505.89699999984121
3506.0379999998412
3506.19499999984118
3506.33599999984116
3506.47899999984115
3506.62699999984113
3506.77199999984112
3506.9149999998411
3507.05799999984109
3507.22799999984107
3507.36599999984105
3507.50899999984104
3508.7649999998409
3508.87199999984089
3509.01299999984087
3509.15399999984085
3509.29399999984084
3509.44099999984082
3509.58799999984081
3509.74999999984079
3509.90299999984077
3510.04699999984076
3510.19299999984074
3510.34699999984072
3510.49099999984071
3510.63099999984069
3510.78899999984067
3510.93499999984066
3511.08999999984064
3511.88699999984055
3512.01199999984054
3512.15599999984052
3512.30799999984051
3512.45599999984049
3512.60999999984047
3512.76799999984046
3512.91499999984044
3513.06799999984042
3513.22099999984041
3513.2979999998404
3513.38999999984039
3513.54599999984037
3513.69099999984035
3513.84299999984034
3513.99499999984032
3514.1439999998403
3514.29099999984029
3514.45799999984027
3514.60499999984025
3514.75399999984024
3514.92699999984022
3515.0979999998402
3515.23499999984018
3515.37799999984017
3515.9959999998401
3516.14299999984008
3516.28199999984007
3516.42799999984005
3516.57499999984004
3516.72999999984002
3516.86499999984
3517.02199999983999
3517.15799999983997
3517.29599999983996
3517.43799999983994
3517.57699999983993
3517.71899999983991
3517.88999999983989
3518.02099999983988
3518.15999999983986
3518.30099999983985
3518.37199999983984
3518.44999999983983
3518.58899999983982
3518.7299999998398
3518.89599999983978
3519.04199999983977
3519.18199999983975
3520.36599999983962
3520.5109999998396
3520.64499999983959
3520.79699999983957
3520.92999999983956
3521.06799999983954
3521.21699999983953
3521.36099999983951
3521.51999999983949
3521.65999999983948
3521.80199999983946
3521.94699999983945
3522.08999999983943
3522.23099999983941
3522.3729999998394
3522.52999999983938
3522.66899999983937
3522.81199999983935
3522.95399999983933
3523.09899999983932
3523.2439999998393
3523.38699999983929
3523.52699999983927
3523.67499999983926
3523.82299999983924
3523.96599999983922
3524.1279999998392
3524.26499999983919
3524.40599999983917
3524.55299999983916
3524.70099999983914
3524.85699999983912
3524.99799999983911
3525.944999999839
3526.05999999983899
3526.19899999983898
3526.33799999983896
3526.48999999983894
3526.62799999983893
3526.79999999983891
3526.9329999998389
3527.08299999983888
3527.22799999983886
3527.37899999983885
3527.52499999983883
3527.67099999983882
3527.8129999998388
3527.95499999983878
3528.12699999983876
3528.26499999983875
3528.42599999983873
3529.18399999983865
3529.32299999983863
3529.46599999983862
3529.6239999998386
3529.76699999983858
3529.91099999983857
3530.05699999983855
3530.20599999983854
3530.34999999983852
3530.5019999998385
3530.64999999983849
3530.80499999983847
3530.95899999983845
3531.12599999983843
3531.26799999983842
3531.4099999998384
3531.56299999983839
3531.70799999983837
3531.86399999983835
3532.01099999983834
3536.8659999998378
3545.29499999983687
3545.41499999983686
3545.55199999983685
3545.68599999983683
3545.78099999983682
3545.9749999998368
3546.13099999983678
3546.27699999983677
3546.41999999983675
3546.56499999983673
3546.70999999983672
3546.8709999998367
3547.02199999983668
3547.16899999983667
3547.32299999983665
3547.46599999983664
3547.61099999983662
3547.7569999998366
3547.90699999983659
3548.05899999983657
3548.20299999983655
3548.34599999983654
3548.50299999983652
3548.6569999998365
3548.80799999983649
3548.96499999983647
3556.30499999983566
3556.42399999983565
3556.56399999983563
3556.70599999983562
3556.8529999998356
3556.92799999983559
3557.00099999983558
3557.13699999983557
3557.22999999983556
3557.28399999983555
3557.43099999983554
3557.56899999983552
3557.7309999998355
3559.50799999983531
3567.7139999998344
3567.7799999998344
3567.83699999983439
3567.98299999983438
3568.11599999983436
3568.21999999983435
3568.26499999983434
3569.25999999983423
3569.40599999983422
-4
34.9319999999999894
35.0509999999999895
35.1699999999999896
35.4339999999999898
35.5599999999999899
35.68899999999999
35.8119999999999902
35.9429999999999903
36.0709999999999904
36.1979999999999905
36.3249999999999906
36.4509999999999907
36.5839999999999908
36.713999999999991
36.8649999999999911
36.9869999999999912
37.1409999999999913
37.2569999999999914
37.3949999999999916
37.5369999999999917
37.6789999999999918
37.8109999999999919
37.9629999999999921
42.9489999999999965
43.0699999999999966
44.0279999999999975
44.1649999999999976
44.3139999999999977
44.4529999999999978
44.595999999999998
47.3090000000000004
47.4160000000000005
47.5230000000000006
48.2040000000000012
48.3980000000000013
48.5040000000000014
48.6610000000000016
48.9850000000000019
49.097000000000002
49.2080000000000021
49.3530000000000022
49.5040000000000023
49.6330000000000024
49.7880000000000026
49.9060000000000027
50.0320000000000028
50.1960000000000029
51.1800000000000038
51.2910000000000039
51.415000000000004
51.8220000000000044
51.9930000000000045
52.1260000000000046
52.2620000000000048
52.4390000000000049
52.5920000000000051
54.2950000000000066
54.3990000000000067
55.4020000000000076
55.5290000000000077
55.5510000000000077
55.7170000000000078
56.2970000000000084
56.4490000000000085
56.8510000000000088
57.8780000000000098
57.9740000000000098
58.8330000000000106
59.0340000000000108
59.1300000000000109
59.300000000000011
59.5000000000000112
59.6120000000000113
59.7700000000000114
59.9100000000000116
60.0250000000000117
60.373000000000012
60.5080000000000121
60.6590000000000122
60.7920000000000124
60.9210000000000125
61.1910000000000127
63.9810000000000152
64.0990000000000153
64.2390000000000154
64.3870000000000155
64.5220000000000157
64.6600000000000158
64.8030000000000159
64.938000000000016
65.2690000000000163
66.091000000000017
66.2170000000000172
66.5270000000000174
66.6470000000000176
66.8360000000000177
66.9270000000000178
67.3520000000000182
67.7570000000000185
67.9090000000000187
72.1320000000000224
72.1660000000000224
72.3930000000000226
72.5360000000000228
72.5690000000000228
72.6750000000000229
72.814000000000023
72.828000000000023
74.2440000000000243
74.7580000000000248
74.8910000000000249
104.3990000000000511
104.5170000000000512
104.7000000000000513
104.7850000000000514
104.9260000000000515
105.0430000000000516
105.1760000000000518
105.3090000000000519
105.451000000000052
105.6260000000000522
105.7190000000000523
105.8790000000000524
105.9940000000000525
106.1050000000000526
106.2470000000000527
106.4190000000000529
106.549000000000053
106.6840000000000531
106.8230000000000532
107.0080000000000534
107.1140000000000535
107.2710000000000536
107.4190000000000538
107.5470000000000539
107.665000000000054
107.8010000000000541
107.9190000000000542
108.0630000000000543
108.6980000000000549
108.802000000000055
108.9630000000000551
109.0740000000000552
109.1980000000000553
109.3590000000000555
109.4960000000000556
109.5580000000000557
109.6470000000000557
109.6860000000000558
109.8220000000000559
110.6420000000000566
112.3390000000000581
112.4100000000000582
113.1140000000000588
113.268000000000059
113.4040000000000591
117.3170000000000626
118.3570000000000635
118.5030000000000636
118.6410000000000637
118.6560000000000637
118.7980000000000639
119.0700000000000641
121.0540000000000659
121.138000000000066
121.9950000000000667
122.1520000000000668
122.293000000000067
125.9100000000000702
127.0340000000000712
128.490000000000072
129.102000000000073
129.348000000000073
131.256000000000075
131.280000000000075
131.391000000000075
131.573000000000075
131.670000000000075
131.804000000000075
133.056000000000077
133.460000000000077
134.749000000000078
135.385000000000079
135.492000000000079
135.638000000000079
136.366000000000079
139.556000000000082
139.686000000000082
139.821000000000083
139.954000000000083
140.101000000000083
140.245000000000083
140.373000000000083
140.521000000000083
140.652000000000083
140.790000000000083
140.916000000000084
141.046000000000084
141.478000000000084
141.624000000000084
141.797000000000084
141.929000000000084
142.084000000000085
142.251000000000085
142.374000000000085
142.540000000000085
142.682000000000085
142.821000000000085
142.968000000000085
143.097000000000085
143.247000000000086
143.385000000000086
143.520000000000086
143.681000000000086
144.796000000000087
145.176000000000087
147.67000000000009
149.097000000000091
149.195000000000091
150.048000000000092
150.156000000000092
152.291000000000094
152.398000000000094
155.379000000000096
155.550000000000097
155.742000000000097
155.826000000000097
155.974000000000097
156.078000000000097
156.090000000000097
156.210000000000097
156.368000000000097
156.520000000000097
156.650000000000097
156.967000000000098
157.313000000000098
157.439000000000098
157.580000000000098
157.729000000000098
157.860000000000099
157.995000000000099
158.162000000000099
158.285000000000099
158.432000000000099
158.552000000000099
191.866000000000129
191.981000000000129
192.093000000000129
192.215000000000129
192.342000000000129
192.466000000000129
192.598000000000129
192.72500000000013
192.84600000000013
192.97400000000013
193.10800000000013
193.24100000000013
193.37500000000013
193.51100000000013
193.65800000000013
193.79900000000013
193.939000000000131
194.070000000000131
194.208000000000131
194.483000000000131
194.618000000000131
194.740000000000131
198.139000000000134
198.788000000000135
198.935000000000135
199.078000000000135
199.236000000000135
199.350000000000135
200.184000000000136
200.278000000000136
200.436000000000136
200.573000000000136
200.817000000000137
200.969000000000137
201.099000000000137
201.211000000000137
202.006000000000138
202.146000000000138
202.295000000000138
202.418000000000138
202.559000000000138
203.535000000000139
204.84800000000014
204.97000000000014
211.882000000000147
212.011000000000147
212.150000000000147
212.277000000000147
212.410000000000147
212.546000000000147
212.707000000000147
212.812000000000147
212.946000000000148
213.104000000000148
213.252000000000148
213.388000000000148
213.512000000000148
213.797000000000148
213.930000000000148
214.071000000000148
214.232000000000149
214.371000000000149
216.366000000000151
217.314000000000151
217.449000000000151
217.770000000000152
217.867000000000152
217.885000000000152
218.009000000000152
218.123000000000152
218.254000000000152
218.512000000000152
218.544000000000152
218.567000000000152
218.986000000000153
220.627000000000154
220.656000000000154
220.834000000000154
220.905000000000155
221.051000000000155
221.099000000000155
221.175000000000155
221.303000000000155
221.442000000000155
221.588000000000155
221.736000000000155
221.862000000000155
221.991000000000156
266.134000000000195
266.242000000000195
266.359000000000195
266.480000000000195
266.605000000000195
266.728000000000195
266.850000000000195
266.975000000000195
267.099000000000196
267.235000000000196
267.369000000000196
267.511000000000196
267.636000000000196
267.767000000000196
267.885000000000196
268.014000000000196
268.170000000000197
268.295000000000197
268.416000000000197
268.425000000000197
268.543000000000197
268.673000000000197
268.800000000000197
268.926000000000197
269.070000000000197
269.206000000000197
269.323000000000198
269.455000000000198
269.577000000000198
269.715000000000198
269.848000000000198
269.970000000000198
270.174000000000198
270.231000000000198
270.356000000000198
270.495000000000199
270.653000000000199
270.779000000000199
270.912000000000199
271.047000000000199
271.174000000000199
271.300000000000199
271.438000000000199
271.5850000000002
271.7170000000002
271.8500000000002
272.0070000000002
272.1200000000002
272.2460000000002
272.3880000000002
272.5180000000002
273.704000000000201
273.867000000000202
273.971000000000202
274.100000000000202
274.239000000000202
274.382000000000202
274.517000000000202
274.627000000000202
274.754000000000202
274.880000000000202
275.048000000000203
275.193000000000203
275.321000000000203
275.449000000000203
276.406000000000204
276.543000000000204
276.695000000000204
276.825000000000204
276.988000000000204
277.141000000000204
277.304000000000205
277.427000000000205
277.565000000000205
277.714000000000205
277.859000000000205
278.020000000000205
278.122000000000205
278.252000000000205
278.382000000000206
278.684000000000206
278.870000000000206
278.974000000000206
279.122000000000206
279.270000000000206
279.389000000000206
279.539000000000207
279.720000000000207
279.847000000000207
280.010000000000207
280.155000000000207
280.265000000000207
281.446000000000208
281.686000000000209
281.794000000000209
281.888000000000209
282.020000000000209
282.146000000000209
282.329000000000209
282.450000000000209
282.565000000000209
282.697000000000209
282.82500000000021
282.97200000000021
283.01000000000021
283.12400000000021
283.24400000000021
284.139000000000211
284.293000000000211
284.441000000000211
284.607000000000211
284.801000000000211
284.909000000000211
285.125000000000212
285.207000000000212
285.377000000000212
285.499000000000212
285.524000000000212
285.629000000000212
285.809000000000212
285.894000000000212
286.079000000000212
286.188000000000213
286.315000000000213
286.510000000000213
286.604000000000213
286.766000000000213
286.775000000000213
286.942000000000213
287.070000000000213
287.247000000000213
287.325000000000214
290.544000000000216
290.703000000000217
290.821000000000217
290.959000000000217
291.101000000000217
291.257000000000217
291.359000000000217
291.502000000000217
291.645000000000217
291.801000000000218
291.933000000000218
292.069000000000218
292.228000000000218
292.412000000000218
292.547000000000218
292.675000000000218
304.178000000000228
304.307000000000229
304.433000000000229
304.564000000000229
304.697000000000229
304.823000000000229
304.958000000000229
305.083000000000229
305.223000000000229
305.35900000000023
305.50000000000023
305.64400000000023
305.78000000000023
305.91300000000023
306.06400000000023
306.22100000000023
306.33200000000023
306.451000000000231
307.001000000000231
307.161000000000231
307.323000000000231
307.465000000000231
307.615000000000232
307.757000000000232
307.958000000000232
308.213000000000232
308.319000000000232
308.463000000000232
308.610000000000232
308.766000000000233
309.120000000000233
309.263000000000233
309.343000000000233
309.804000000000234
309.908000000000234
310.160000000000234
310.221000000000234
310.902000000000234
312.126000000000236
312.262000000000236
312.397000000000236
312.556000000000236
312.703000000000236
312.990000000000236
313.098000000000236
313.235000000000237
313.422000000000237
313.568000000000237
313.675000000000237
340.820000000000261
340.937000000000261
341.058000000000261
341.181000000000261
341.320000000000262
341.439000000000262
341.579000000000262
341.710000000000262
341.823000000000262
341.946000000000262
342.087000000000262
342.250000000000262
342.381000000000262
342.554000000000263
342.624000000000263
342.755000000000263
342.902000000000263
344.551000000000264
344.615000000000264
344.797000000000265
344.944000000000265
347.804000000000267
347.835000000000267
348.849000000000268
348.975000000000268
349.123000000000268
349.247000000000269
349.378000000000269
349.555000000000269
349.720000000000269
349.879000000000269
349.963000000000269
350.098000000000269
350.213000000000269
350.48800000000027
350.67400000000027
350.82900000000027
351.00500000000027
351.19000000000027
351.26100000000027
351.40100000000027
351.534000000000271
351.664000000000271
351.802000000000271
351.992000000000271
352.166000000000271
352.282000000000271
352.424000000000271
352.578000000000271
352.717000000000272
352.875000000000272
353.019000000000272
353.185000000000272
353.318000000000272
353.484000000000272
353.600000000000272
353.736000000000273
354.897000000000274
355.052000000000274
355.196000000000274
355.342000000000274
355.482000000000274
355.655000000000274
355.750000000000274
355.883000000000274
356.016000000000275
356.164000000000275
356.309000000000275
356.462000000000275
356.602000000000275
356.726000000000275
357.854000000000276
357.990000000000276
358.138000000000276
358.282000000000277
358.422000000000277
358.577000000000277
358.709000000000277
358.838000000000277
428.326000000000339
428.455000000000339
428.582000000000339
428.711000000000339
428.840000000000339
428.964000000000339
429.089000000000339
429.20800000000034
429.33600000000034
429.47600000000034
429.60300000000034
429.72800000000034
429.91000000000034
429.99100000000034
430.12000000000034
430.291000000000341
430.395000000000341
430.525000000000341
430.659000000000341
431.049000000000341
431.109000000000341
431.238000000000341
431.426000000000342
431.545000000000342
431.710000000000342
431.840000000000342
431.983000000000342
432.110000000000342
432.229000000000342
433.926000000000344
434.070000000000344
434.197000000000344
434.336000000000344
434.471000000000344
434.594000000000344
434.721000000000344
434.852000000000345
434.980000000000345
435.121000000000345
435.281000000000345
435.448000000000345
435.562000000000345
435.688000000000345
435.804000000000345
435.929000000000346
436.084000000000346
436.136000000000346
436.223000000000346
436.347000000000346
448.002000000000356
448.261000000000356
448.402000000000357
448.542000000000357
448.675000000000357
448.828000000000357
448.948000000000357
449.098000000000357
449.217000000000357
449.357000000000357
449.492000000000358
449.654000000000358
449.781000000000358
449.912000000000358
450.069000000000358
450.209000000000358
450.366000000000358
450.494000000000358
450.643000000000359
450.758000000000359
451.341000000000359
451.479000000000359
451.64100000000036
451.76400000000036
451.88500000000036
452.02500000000036
452.21600000000036
452.35800000000036
452.51600000000036
452.64700000000036
452.78200000000036
452.929000000000361
453.064000000000361
453.198000000000361
453.322000000000361
453.479000000000361
453.616000000000361
453.770000000000361
453.910000000000362
455.029000000000362
455.168000000000363
455.303000000000363
455.445000000000363
455.576000000000363
455.705000000000363
455.861000000000363
456.010000000000363
456.231000000000364
456.363000000000364
456.504000000000364
456.689000000000364
456.832000000000364
456.968000000000364
457.119000000000364
457.464000000000365
457.609000000000365
457.745000000000365
458.753000000000366
458.909000000000366
459.056000000000366
459.199000000000366
459.595000000000367
461.485000000000368
461.634000000000368
461.778000000000368
461.937000000000369
462.107000000000369
462.240000000000369
462.390000000000369
462.524000000000369
462.660000000000369
462.832000000000369
462.94300000000037
463.09400000000037
463.22400000000037
464.423000000000371
464.562000000000371
464.719000000000371
464.866000000000371
465.009000000000371
465.166000000000372
465.301000000000372
465.477000000000372
465.617000000000372
465.764000000000372
465.936000000000372
466.079000000000372
466.217000000000372
467.356000000000373
467.510000000000374
467.643000000000374
470.285000000000376
471.597000000000377
471.958000000000378
1355.56200000000116
1356.48600000000116
1356.70200000000116
1357.01100000000116
1779.72000000000154
1815.93500000000157
1816.16000000000157
1817.23900000000157
1817.37500000000157
1817.50000000000157
2535.86999999994805
2596.48999999994137
2596.61999999994136
2596.75599999994134
2596.89399999994133
2597.02199999994131
2597.18399999994129
2597.34599999994128
2597.48299999994126
2597.64299999994124
2597.77899999994123
2598.0459999999412
2598.17799999994118
2598.30999999994117
2598.45499999994115
2598.59199999994114
2598.73099999994112
2598.85899999994111
2599.03599999994109
2599.17899999994107
2599.32099999994106
2599.45299999994104
2599.58699999994103
2599.74799999994101
2599.889999999941
2600.00699999994098
2600.13699999994097
2600.27999999994095
2600.42099999994094
2600.68499999994091
2600.82399999994089
2601.00099999994087
2601.16699999994085
2601.32799999994084
2601.47099999994082
2601.59599999994081
2601.74299999994079
2601.86699999994078
2602.02399999994076
2602.17799999994074
2602.31799999994073
2602.44999999994071
2602.5829999999407
2602.72199999994068
2603.00299999994065
2603.19999999994063
2603.39999999994061
2603.54999999994059
2603.69399999994058
2603.82499999994056
2603.97499999994055
2604.10399999994053
2604.22799999994052
2604.3739999999405
2604.80299999994045
2604.97199999994044
2605.12299999994042
2605.2639999999404
2605.38999999994039
2605.55299999994037
2605.68599999994036
2605.79699999994034
2605.93899999994033
2606.12499999994031
2606.26999999994029
2606.41799999994028
2606.70999999994024
2606.87299999994023
2607.01699999994021
2607.1449999999402
2607.27799999994018
2607.43199999994016
2607.56599999994015
2607.70499999994013
2607.86199999994012
2608.0399999999401
2608.18799999994008
2608.33899999994006
2608.46999999994005
2608.60399999994004
2608.76199999994002
2608.89999999994
2609.04099999993999
2609.17699999993997
2609.32599999993996
2609.46299999993994
2609.60999999993992
2609.75099999993991
2609.88799999993989
2610.03899999993988
2611.11499999993976
2611.26999999993974
2611.41599999993973
2611.55799999993971
2611.6959999999397
2611.82999999993968
2611.98899999993966
2612.12399999993965
2612.25699999993963
2612.39999999993962
2612.5459999999396
2612.70499999993958
2612.84499999993957
2612.99399999993955
2613.16099999993953
2613.32399999993952
2613.4739999999395
2613.4919999999395
2613.64599999993948
2613.78699999993946
2613.92799999993945
2614.06499999993943
2614.21099999993942
2614.3769999999394
2614.50599999993939
2614.68299999993937
2614.85299999993935
2615.00599999993933
2615.16499999993931
2615.3209999999393
2615.46199999993928
2615.60199999993926
2615.73999999993925
2615.87699999993923
2616.02199999993922
2616.1809999999392
2616.33899999993918
2616.49199999993917
2616.65099999993915
2616.79799999993913
2616.93799999993912
2617.0699999999391
2617.21599999993909
2617.37399999993907
2617.45799999993906
2617.56499999993905
2617.74599999993903
2617.88699999993901
2617.90999999993901
2618.033999999939
2618.19299999993898
2618.32399999993897
2618.46899999993895
2618.64699999993893
2618.79799999993891
2618.9539999999389
2619.19399999993887
2619.26999999993886
2619.28099999993886
2619.43899999993884
2619.8119999999388
2619.89899999993879
2620.07399999993877
2620.09999999993877
2620.23499999993875
2620.37599999993874
2620.53299999993872
2620.55999999993872
2620.7229999999387
2620.83399999993869
2620.98499999993867
2621.11899999993866
2621.25199999993864
2621.39899999993863
2622.19799999993854
2622.37099999993852
2622.5079999999385
2622.65699999993849
2622.78899999993847
2622.92599999993846
2623.06099999993844
2623.21699999993843
2623.35599999993841
2623.4929999999384
2623.63799999993838
2623.78599999993836
2623.93199999993835
2624.09499999993833
2624.23899999993831
2624.3719999999383
2624.51199999993828
2624.67499999993827
2624.82499999993825
2624.96799999993823
2625.11899999993822
2625.2689999999382
2625.48199999993818
2625.57999999993817
2625.72299999993815
2625.87499999993813
2626.03299999993812
2626.1719999999381
2626.32299999993808
2626.52799999993806
2626.67299999993805
2626.77699999993803
2626.91499999993802
2627.072999999938
2627.23699999993798
2627.39499999993797
2627.53199999993795
2627.73699999993793
2627.81999999993792
2627.9609999999379
2628.10499999993789
2628.25699999993787
2628.41799999993785
2628.57199999993784
2628.71299999993782
2628.76499999993782
2628.8739999999378
2629.01899999993779
2629.17899999993777
2629.42899999993774
2630.26599999993765
2630.41499999993763
2630.55799999993762
2630.7059999999376
2630.84599999993759
2630.98799999993757
2631.13599999993755
2631.29799999993754
2631.43799999993752
2631.57699999993751
2631.71999999993749
2631.86399999993747
2632.00999999993746
2632.16599999993744
2632.33199999993742
2632.48299999993741
2632.63999999993739
2632.82099999993737
2632.91499999993736
2633.04499999993734
2633.19699999993733
2633.21499999993733
2633.36799999993731
2633.54399999993729
2633.66399999993728
2633.67299999993727
2633.81599999993726
2633.96199999993724
2634.12899999993722
2634.27999999993721
2634.53699999993718
2636.21799999993699
2636.37499999993698
2636.52499999993696
2636.67999999993694
2636.69899999993694
2636.83799999993693
2636.85699999993692
2636.99999999993691
2637.13199999993689
2637.27199999993688
2637.40899999993686
2637.55199999993685
2637.70299999993683
2637.86999999993681
2637.88899999993681
2638.0199999999368
2638.03399999993679
2638.35799999993676
2638.51299999993674
2638.60899999993673
2638.75399999993672
2638.9029999999367
2639.06099999993668
2639.20199999993667
2639.38199999993665
2639.51499999993663
2639.63699999993662
2639.7729999999366
2639.92299999993659
2640.07999999993657
2640.09299999993657
2640.22999999993655
2640.38999999993654
2640.40899999993653
2640.56799999993652
2640.7119999999365
2640.84299999993648
2641.5929999999364
2641.78899999993638
2641.93099999993637
2642.06499999993635
2642.22399999993633
2642.35699999993632
2642.37099999993632
2642.5029999999363
2642.64999999993629
2642.79499999993627
2642.94299999993625
2643.09099999993624
2643.24899999993622
2643.4549999999362
2643.60399999993618
2643.69199999993617
2643.84599999993615
2643.99099999993614
2644.12499999993612
2644.26699999993611
2644.60399999993607
2644.71199999993606
2644.86999999993604
2644.98999999993603
2645.16399999993601
2645.29499999993599
2645.42199999993598
2645.55799999993597
2646.77799999993583
2646.93399999993581
2647.0759999999358
2647.23399999993578
2647.37599999993577
2647.51899999993575
2647.66399999993573
2647.80399999993572
2647.9469999999357
2648.09699999993569
2648.24999999993567
2648.39599999993565
2648.41399999993565
2648.56399999993563
2648.71099999993562
2648.8649999999356
2649.01599999993558
2649.16299999993557
2649.29799999993555
2649.43899999993554
2649.59299999993552
2649.72699999993551
2649.86999999993549
2650.02299999993547
2650.17599999993546
2650.31699999993544
2650.43799999993543
2650.58399999993541
2650.75999999993539
2651.99099999993526
2652.14199999993524
2652.32899999993522
2652.5229999999352
2652.62099999993519
2652.77799999993517
2652.79799999993517
2652.92699999993515
2653.07499999993514
2653.22099999993512
2653.3899999999351
2653.52899999993509
2653.68799999993507
2653.83199999993505
2653.96599999993504
2654.41499999993499
2654.56199999993497
2654.75099999993495
2654.85799999993494
2655.02199999993492
2655.2059999999349
2655.31299999993489
2655.44999999993488
2655.57999999993486
2657.70499999993463
2657.85399999993461
2657.9919999999346
2658.13799999993458
2658.29499999993456
2658.31099999993456
2658.43999999993455
2658.58799999993453
2658.73099999993452
2658.8729999999345
2659.00999999993448
2659.15899999993447
2659.30799999993445
2659.45299999993444
2659.59999999993442
2659.7529999999344
2659.92399999993438
2660.07999999993437
2662.20199999993413
2662.4619999999341
2663.13399999993403
2663.28099999993401
2672.01799999993305
2675.41499999993268
2675.56999999993266
2675.70699999993265
2675.87699999993263
2675.99599999993261
2676.17799999993259
2676.83899999993252
2676.9819999999325
2680.32199999993214
2683.96399999993174
2683.99799999993173
2684.02699999993173
2684.11199999993172
2684.2459999999317
2684.38199999993169
2684.52199999993167
2684.66399999993166
2684.80799999993164
2684.96199999993163
2685.11499999993161
2685.27599999993159
2685.29099999993159
2685.45799999993157
2685.58599999993156
2685.61299999993155
2685.74999999993154
2685.91499999993152
2686.1349999999315
2686.21099999993149
2686.69099999993144
2686.85099999993142
2687.0099999999314
2687.18499999993138
2687.22599999993138
2687.37299999993136
2687.52199999993134
2687.68799999993133
2687.71299999993132
2687.87299999993131
2688.03699999993129
2688.17799999993127
2688.32599999993126
2688.34699999993125
2688.46799999993124
2688.63099999993122
2688.8129999999312
2689.03799999993118
2689.46399999993113
2689.60299999993111
2690.07999999993106
2690.20899999993105
2690.71099999993099
2690.99499999993096
2691.31699999993093
2691.43799999993091
2691.80199999993087
2691.91799999993086
2692.05899999993084
2692.18499999993083
2692.31599999993082
2692.78699999993076
2694.06799999993062
2694.21399999993061
2694.52899999993057
2694.69999999993055
2694.84999999993054
2694.99799999993052
2695.13399999993051
2695.27099999993049
2695.40999999993048
2695.55199999993046
2695.70099999993044
2695.84299999993043
2696.01799999993041
2696.20599999993039
2696.34899999993037
2696.35899999993037
2696.51699999993035
2696.65699999993034
2696.84199999993032
2696.93299999993031
2697.07999999993029
2697.23699999993027
2697.42399999993025
2697.78499999993021
2697.9069999999302
2698.03999999993019
2698.21099999993017
2698.34199999993015
2698.65599999993012
2698.7729999999301
2698.91399999993009
2699.71199999993
2699.86699999992998
2700.01699999992997
2700.17499999992995
2700.34799999992993
2700.48699999992992
2700.6469999999299
2700.80799999992988
2700.84099999992988
2700.94499999992987
2700.95499999992986
2701.08699999992985
2701.30999999992983
2701.42999999992981
2701.47999999992981
2701.5859999999298
2701.74399999992978
2701.76699999992978
2701.88199999992976
2702.80099999992966
2702.99199999992964
2703.29599999992961
2703.44799999992959
2703.58599999992957
2703.71499999992956
2703.86399999992954
2704.01699999992953
2704.17099999992951
2704.33499999992949
2704.48199999992948
2704.65299999992946
2704.82199999992944
2704.96499999992942
2704.98199999992942
2705.1389999999294
2705.32399999992938
2705.66299999992935
2705.73599999992934
2705.88699999992932
2707.15299999992918
2707.30299999992917
2707.45199999992915
2707.59499999992913
2707.74399999992912
2707.8949999999291
2708.04799999992908
2708.18299999992907
2708.35299999992905
2708.49999999992903
2708.65299999992902
2708.831999999929
2708.95699999992898
2709.10699999992897
2709.24699999992895
2709.52099999992892
2710.01299999992887
2710.20199999992885
2710.39299999992883
2710.54899999992881
2710.56799999992881
2710.75199999992879
2710.86399999992877
2711.00299999992876
2711.14899999992874
2711.30899999992872
2711.46099999992871
2711.62899999992869
2711.80799999992867
2711.96499999992865
2712.13099999992863
2712.28499999992862
2712.4149999999286
2712.54699999992859
2727.13699999992698
2727.16899999992698
2727.27199999992697
2727.38999999992695
2727.53299999992694
2727.68699999992692
2727.8279999999269
2733.01599999992633
2734.62999999992616
2734.76899999992614
2734.90399999992613
2735.05599999992611
2736.80599999992592
2737.31999999992586
2737.48799999992584
2737.63899999992582
2746.11899999992489
2746.26799999992487
2746.44199999992485
2746.55699999992484
2746.84999999992481
2746.99399999992479
2747.11699999992478
2747.47599999992474
2747.8519999999247
2748.04499999992468
2748.18499999992466
2748.21499999992466
2748.38399999992464
2748.52999999992462
2748.7419999999246
2749.30799999992454
2749.36799999992453
2749.73399999992449
2750.09899999992445
2750.76599999992438
2750.90599999992436
2751.23499999992433
2751.34899999992431
2751.73699999992427
2752.10999999992423
2752.18299999992422
2752.30999999992421
2752.33899999992421
2752.54299999992418
2752.72899999992416
2752.90599999992414
2752.96699999992414
2758.06099999992358
2758.21399999992356
2758.35899999992354
2758.55299999992352
2759.14699999992346
2759.29299999992344
2759.46399999992342
2759.48999999992342
2759.6349999999234
2759.6549999999234
2759.78799999992339
2759.98299999992336
2760.06699999992335
2760.22999999992334
2760.40299999992332
2760.48799999992331
2760.5859999999233
2760.75899999992328
2760.90699999992326
2761.16199999992323
2761.32899999992322
2761.69699999992317
2761.80999999992316
2761.98999999992314
2762.18099999992312
2762.27199999992311
2762.28999999992311
2762.62699999992307
2762.72199999992306
2762.88299999992304
2762.94199999992304
2763.08499999992302
2763.22399999992301
2763.40999999992299
2763.57299999992297
2763.71299999992295
2763.82899999992294
2763.96699999992292
2764.10799999992291
2764.2389999999229
3445.95999999984781
3446.0559999998478
3446.19099999984779
3446.31899999984777
3446.46599999984776
3446.60199999984774
3446.74399999984773
3446.88299999984771
3447.0189999998477
3447.15299999984768
3447.30799999984767
3447.44499999984765
3447.57899999984764
3447.71999999984762
3447.8659999998476
3448.01299999984759
3448.16099999984757
3448.30299999984756
3448.44699999984754
3448.59399999984752
3448.74699999984751
3448.87699999984749
3449.01299999984748
3449.15599999984746
3449.29199999984745
3449.46799999984743
3449.62099999984741
3449.76699999984739
3449.91799999984738
3450.06599999984736
3450.21499999984735
3450.37599999984733
3450.53999999984731
3450.69099999984729
3450.83699999984728
3450.98599999984726
3451.13599999984724
3451.46399999984721
3451.62099999984719
3451.76599999984717
3451.90699999984716
3452.05799999984714
3452.19999999984713
3452.34699999984711
3452.49999999984709
3452.65299999984708
3452.79799999984706
3452.93799999984705
3453.07399999984703
3453.20799999984702
3453.364999999847
3453.52299999984698
3453.65699999984697
3453.80999999984695
3453.93799999984694
3454.08699999984692
3454.2359999998469
3454.38399999984689
3454.54299999984687
3454.71599999984685
3454.89799999984683
3455.06499999984681
3455.1759999998468
3455.30999999984678
3455.45199999984677
3455.59399999984675
3455.74699999984674
3455.88999999984672
3456.0549999998467
3456.19999999984669
3456.32899999984667
3456.46699999984666
3456.61799999984664
3456.75699999984662
3456.91499999984661
3457.04299999984659
3457.17699999984658
3457.32499999984656
3457.47999999984655
3457.62499999984653
3457.75499999984652
3457.8869999998465
3458.02699999984648
3458.19999999984647
3458.36499999984645
3458.50199999984643
3458.65199999984642
3458.7969999998464
3458.96799999984638
3459.08399999984637
3459.22599999984635
3459.36599999984634
3459.51199999984632
3459.6719999998463
3459.81299999984629
3459.96799999984627
3460.11199999984626
3460.25999999984624
3460.39899999984622
3460.5799999998462
3460.71299999984619
3460.85999999984617
3460.99499999984616
3461.30099999984612
3461.31799999984612
3461.47199999984611
3461.79199999984607
3461.91099999984606
3462.05299999984604
3462.25999999984602
3462.37199999984601
3462.50699999984599
3462.69799999984597
3462.78999999984596
3462.93999999984594
3463.10199999984593
3463.28899999984591
3463.39999999984589
3463.53099999984588
3463.73699999984586
3463.84199999984584
3463.98799999984583
3464.14999999984581
3464.2819999998458
3464.42599999984578
3464.58899999984576
3464.74899999984574
3464.87099999984573
3466.24499999984558
3466.38999999984556
3466.53499999984555
3466.67499999984553
3466.81299999984552
3466.9529999998455
3467.09299999984549
3467.23399999984547
3467.38399999984545
3467.52099999984544
3467.66299999984542
3467.83299999984541
3467.95399999984539
3468.12199999984537
3468.25999999984536
3468.39099999984534
3468.54099999984533
3468.67299999984531
3468.8209999998453
3468.98799999984528
3469.12099999984526
3469.27899999984525
3469.42399999984523
3469.56899999984521
3469.76499999984519
3469.85199999984518
3470.00099999984517
3470.17099999984515
3470.32299999984513
3470.47199999984511
3470.65099999984509
3470.76799999984508
3470.89199999984507
3471.02799999984505
3471.16699999984504
3471.32299999984502
3471.469999999845
3471.62199999984499
3471.77099999984497
3471.91399999984496
3472.00899999984495
3472.15299999984493
3473.39799999984479
3473.54999999984478
3473.72399999984476
3473.84399999984474
3473.98699999984473
3474.12799999984471
3474.2749999998447
3474.51499999984467
3474.65899999984465
3474.81699999984464
3475.00299999984462
3475.1199999998446
3475.27099999984459
3475.40399999984457
3475.55099999984456
3475.72599999984454
3475.85799999984452
3476.16499999984449
3476.31499999984447
3476.48399999984445
3476.59799999984444
3476.79299999984442
3476.9509999998444
3477.11399999984438
3477.21899999984437
3477.37799999984435
3477.48699999984434
3477.65199999984432
3477.76299999984431
3477.8879999998443
3479.41899999984413
3479.56199999984411
3479.7049999998441
3479.85199999984408
3479.99399999984407
3480.13199999984405
3480.26999999984404
3480.41099999984402
3480.563999999844
3480.70099999984399
3480.83599999984397
3480.97899999984396
3481.11899999984394
3481.26399999984393
3481.40799999984391
3481.58899999984389
3481.70599999984388
3481.84899999984386
3481.98299999984385
3482.12399999984383
3482.27899999984381
3482.4199999998438
3482.57299999984378
3482.69699999984377
3482.85299999984375
3483.00899999984373
3483.17199999984372
3483.3259999998437
3483.46599999984368
3483.61199999984367
3483.79199999984365
3483.89899999984364
3484.05099999984362
3484.1839999998436
3484.31899999984359
3484.49099999984357
3484.62999999984356
3484.77399999984354
3484.89199999984353
3485.03899999984351
3485.1759999998435
3486.43599999984336
3486.58699999984334
3486.73199999984332
3486.87899999984331
3487.02799999984329
3487.16799999984328
3487.31399999984326
3487.45499999984324
3487.59999999984323
3487.75599999984321
3487.8949999998432
3488.04099999984318
3488.18699999984316
3488.34199999984315
3488.50199999984313
3488.65899999984311
3488.7939999998431
3488.92199999984308
3489.07099999984307
3489.22299999984305
3489.41799999984303
3489.53999999984301
3489.708999999843
3489.86199999984298
3489.99199999984296
3490.14999999984295
3490.30599999984293
3490.43299999984292
3490.5729999998429
3490.71999999984288
3490.86699999984287
3491.04099999984285
3491.19099999984283
3491.32199999984282
3491.4479999998428
3491.59599999984279
3491.71099999984278
3493.08399999984262
3493.22099999984261
3493.35899999984259
3493.49999999984258
3493.64199999984256
3493.78199999984255
3493.93399999984253
3494.06699999984252
3494.2139999998425
3494.35799999984248
3494.49599999984247
3494.63899999984245
3494.80099999984244
3494.94499999984242
3495.0879999998424
3495.23099999984239
3495.38599999984237
3495.53399999984235
3495.67499999984234
3495.82799999984232
3496.0009999998423
3496.13999999984229
3496.34499999984226
3496.43899999984225
3496.58099999984224
3496.75999999984222
3496.9779999998422
3497.10199999984218
3497.24799999984217
3497.45499999984214
3497.58899999984213
3497.72899999984211
3497.8659999998421
3498.00599999984208
3498.18099999984206
3498.36799999984204
3498.48199999984203
3498.62199999984201
3498.63799999984201
3498.782999999842
3498.92599999984198
3499.09399999984196
3499.23299999984195
3499.38499999984193
3499.52899999984191
3499.6719999998419
3499.81199999984188
3499.99899999984186
3500.14699999984185
3500.26399999984183
3500.40799999984182
3500.5579999998418
3500.70599999984178
3500.85199999984177
3500.98199999984175
3501.15099999984174
3501.32099999984172
3501.4579999998417
3501.59699999984169
3501.73099999984167
3501.86399999984166
3501.99399999984164
3503.08299999984152
3503.2549999998415
3503.35699999984149
3503.50199999984148
3503.64199999984146
3503.78499999984145
3503.92899999984143
3504.08699999984141
3504.2229999998414
3504.36699999984138
3504.51499999984137
3504.65799999984135
3504.80099999984133
3504.94799999984132
3505.1429999998413
3505.24899999984128
3505.38899999984127
3505.53199999984125
3505.68499999984124
3505.82999999984122
3505.96699999984121
3506.11099999984119
3506.26799999984117
3506.41599999984116
3506.56799999984114
3506.72499999984112
3506.84999999984111
3506.98399999984109
3507.12999999984108
3507.29999999984106
3507.42599999984104
3507.55299999984103
3508.79299999984089
3508.94199999984088
3509.08099999984086
3509.22099999984085
3509.36499999984083
3509.51599999984081
3509.6769999998408
3509.83699999984078
3509.97399999984076
3510.13399999984075
3510.29599999984073
3510.41499999984072
3510.5539999998407
3510.69999999984068
3510.85799999984067
3510.99299999984065
3511.11099999984064
3511.94099999984055
3512.08299999984053
3512.23099999984052
3512.3819999998405
3512.54099999984048
3512.70299999984046
3512.85299999984045
3513.00099999984043
3513.15999999984041
3513.2949999998404
3513.3139999998404
3513.48199999984038
3513.62899999984036
3513.78099999984034
3513.93099999984033
3514.07799999984031
3514.2169999998403
3514.36899999984028
3514.52699999984026
3514.67899999984025
3514.84599999984023
3515.00199999984021
3515.15499999984019
3515.28399999984018
3515.43799999984016
3516.07399999984009
3516.24399999984007
3516.38699999984006
3516.53599999984004
3516.64399999984003
3516.79899999984001
3516.93699999984
3517.13399999983998
3517.24499999983996
3517.37199999983995
3517.50599999983993
3517.64499999983992
3517.7909999998399
3517.97199999983988
3518.09799999983987
3518.23199999983985
3518.36999999983984
3518.38699999983984
3518.51799999983982
3518.66599999983981
3518.82399999983979
3518.99699999983977
3519.10199999983976
3519.23799999983974
3520.44199999983961
3520.5759999998396
3520.71399999983958
3520.84099999983957
3520.98799999983955
3521.14299999983953
3521.28599999983952
3521.4459999998395
3521.60999999983948
3521.72999999983947
3521.87199999983945
3522.01299999983944
3522.15399999983942
3522.29699999983941
3522.44199999983939
3522.60199999983937
3522.73799999983936
3522.88099999983934
3523.02499999983933
3523.17499999983931
3523.3089999998393
3523.45299999983928
3523.59799999983926
3523.75599999983925
3523.89699999983923
3524.03399999983922
3524.1919999998392
3524.33699999983918
3524.48099999983917
3524.62199999983915
3524.75999999983914
3524.90999999983912
3525.0509999998391
3525.987999999839
3526.12799999983898
3526.26499999983897
3526.39499999983896
3526.54099999983894
3526.70499999983892
3526.8629999998389
3527.00199999983889
3527.14999999983887
3527.30799999983886
3527.46399999983884
3527.59499999983882
3527.73699999983881
3527.87199999983879
3528.02099999983878
3528.19099999983876
3528.31199999983874
3528.44899999983873
3529.24899999983864
3529.38599999983863
3529.52999999983861
3529.69499999983859
3529.82699999983858
3529.97499999983856
3530.12799999983854
3530.26399999983853
3530.41899999983851
3530.5729999998385
3530.72699999983848
3530.87699999983846
3531.03699999983844
3531.19699999983843
3531.32899999983841
3531.4799999998384
3531.62499999983838
3531.78099999983836
3531.93499999983835
3536.80299999983781
3536.8939999998378
3545.35199999983687
3545.48599999983685
3545.61799999983684
3545.76399999983682
3545.9579999998368
3546.08799999983679
3546.21199999983677
3546.38799999983675
3546.50399999983674
3546.64299999983673
3546.81799999983671
3546.94899999983669
3547.13199999983667
3547.27399999983666
3547.40899999983664
3547.54699999983663
3547.67599999983661
3547.8269999998366
3547.99499999983658
3548.12699999983656
3548.27099999983655
3548.43799999983653
3548.62299999983651
3548.7359999998365
3548.94299999983647
3550.4599999998363
3556.35899999983566
3556.49399999983564
3556.63599999983562
3556.80199999983561
3556.92699999983559
3556.93999999983559
3557.10399999983557
3557.21599999983556
3557.25299999983556
3557.35299999983555
3557.48899999983553
3557.68799999983551
3559.46799999983531
3562.84599999983494
3567.7639999998344
3567.7899999998344
3567.90499999983438
3568.03899999983437
3568.18799999983435
3568.24199999983435
3569.20199999983424
3569.37699999983422
3569.44799999983421
0
0
0
0
0
3600
0
0
0
0
0
0
0
3600.00099999983085
0
0
0
0
0
0
