7
28
17
7
28
17
pcf1.09
perfusionday
0
4
10
14
33
11
15
25
22
4
.3
1
1
1
1
1423
1423
1
1
1
1
1
1
1
1
1
1
1
1
1
1
1
1
1
1
1
1
0
-1
-2
1422
-3
16.9259999999999995
17.0599999999999994
17.2019999999999993
17.3589999999999992
17.513999999999999
17.6739999999999989
17.8239999999999988
17.9829999999999986
18.1449999999999985
18.2939999999999984
18.4469999999999982
18.5929999999999981
18.754999999999998
18.9129999999999979
19.0849999999999977
19.2459999999999976
19.4029999999999974
19.5619999999999973
19.7089999999999972
19.860999999999997
20.0149999999999969
20.1739999999999968
20.3289999999999967
20.4679999999999965
20.6139999999999964
20.7519999999999963
20.9149999999999962
21.057999999999996
21.2009999999999959
21.3449999999999958
21.5009999999999957
21.6389999999999955
21.7819999999999954
21.9249999999999953
22.0709999999999952
22.229999999999995
22.3679999999999949
22.5069999999999948
22.6509999999999947
22.7979999999999946
22.9459999999999944
23.0849999999999943
23.2289999999999942
23.3799999999999941
23.5329999999999939
23.6769999999999938
23.8379999999999937
23.9809999999999936
24.1239999999999934
24.2739999999999933
24.4329999999999932
24.605999999999993
24.7399999999999929
24.8849999999999928
25.0309999999999927
25.1779999999999926
25.3259999999999924
25.4899999999999923
25.6319999999999922
25.780999999999992
25.9429999999999919
26.0359999999999918
26.1129999999999918
26.2879999999999916
26.4419999999999915
26.5309999999999914
26.5969999999999913
26.7609999999999912
26.9299999999999911
27.041999999999991
27.0689999999999909
27.3129999999999907
27.4809999999999906
27.6449999999999905
27.8039999999999903
27.9659999999999902
28.1139999999999901
28.2749999999999899
28.4289999999999898
28.6069999999999896
28.8729999999999894
29.0209999999999893
29.1889999999999892
29.337999999999989
29.4719999999999889
29.6219999999999888
29.7869999999999886
29.9259999999999885
30.0709999999999884
30.2209999999999883
30.3849999999999881
30.522999999999988
30.6719999999999879
30.8179999999999878
30.9679999999999876
31.1289999999999875
31.2729999999999874
31.4179999999999873
31.5749999999999871
31.733999999999987
31.8789999999999869
32.0299999999999868
32.1759999999999869
32.3229999999999871
32.4779999999999872
32.6459999999999874
32.7899999999999875
32.9349999999999876
33.0839999999999877
33.2409999999999879
33.394999999999988
33.5509999999999882
33.6949999999999883
33.8409999999999884
33.9939999999999885
34.1439999999999887
34.2949999999999888
34.458999999999989
34.5989999999999891
34.7479999999999892
34.8979999999999893
35.0569999999999895
35.2039999999999896
36.6289999999999909
36.753999999999991
36.8999999999999911
37.2259999999999914
37.3779999999999916
37.5339999999999917
37.6819999999999918
37.835999999999992
37.9959999999999921
38.1459999999999922
38.2929999999999924
38.4519999999999925
38.6039999999999926
38.7549999999999928
38.9189999999999929
39.060999999999993
39.2119999999999932
39.3659999999999933
39.5259999999999935
39.6749999999999936
39.8259999999999937
39.9779999999999939
40.140999999999994
40.2919999999999941
40.4429999999999943
40.5969999999999944
40.7639999999999946
43.9179999999999974
44.0429999999999975
44.1439999999999976
44.3459999999999977
44.4919999999999979
44.650999999999998
44.8059999999999981
44.9699999999999983
45.1239999999999984
45.2919999999999986
45.4479999999999987
45.6049999999999989
45.761999999999999
45.9239999999999991
46.0779999999999993
46.2439999999999994
46.3979999999999996
46.5459999999999997
46.7059999999999998
46.867
47.0140000000000001
47.1660000000000002
47.3300000000000004
47.4870000000000005
47.6350000000000007
47.8060000000000008
47.9560000000000009
48.1080000000000011
48.2660000000000012
48.4290000000000014
48.5840000000000015
48.7390000000000016
48.8920000000000018
49.0560000000000019
49.2020000000000021
49.3560000000000022
49.5060000000000023
49.6610000000000025
49.8140000000000026
49.9780000000000027
50.1300000000000029
50.287000000000003
50.4480000000000032
50.6050000000000033
50.7610000000000034
50.9260000000000036
51.0710000000000037
51.2210000000000038
51.378000000000004
51.5380000000000041
51.6910000000000043
51.8630000000000044
52.0080000000000045
52.1580000000000047
52.3060000000000048
52.4590000000000049
52.6160000000000051
52.7780000000000052
52.9330000000000054
85.9760000000000347
86.0890000000000348
86.2170000000000349
86.3630000000000351
86.5080000000000352
86.6500000000000353
86.7940000000000354
86.9410000000000356
87.0860000000000357
87.2270000000000358
87.375000000000036
87.5250000000000361
87.6770000000000362
87.8210000000000364
87.9750000000000365
88.1220000000000366
88.2750000000000368
88.4380000000000369
88.592000000000037
88.7410000000000372
88.8900000000000373
89.0390000000000374
89.1970000000000376
89.3400000000000377
89.4900000000000378
89.640000000000038
89.7890000000000381
89.9550000000000382
90.1190000000000384
90.2860000000000385
90.4330000000000387
90.6070000000000388
90.788000000000039
90.9490000000000391
91.0970000000000393
91.2560000000000394
91.4250000000000396
91.5770000000000397
91.7260000000000398
91.87700000000004
92.0300000000000401
92.1760000000000402
92.3100000000000403
92.4600000000000405
92.6060000000000406
92.7550000000000407
92.9080000000000409
93.055000000000041
93.1980000000000411
93.3460000000000413
93.4800000000000414
93.6200000000000415
93.7800000000000416
93.9280000000000418
94.0630000000000419
94.204000000000042
94.3510000000000422
94.4990000000000423
94.6550000000000424
94.7910000000000425
94.9300000000000427
95.0720000000000428
95.2260000000000429
95.365000000000043
95.5120000000000432
95.6570000000000433
95.8000000000000434
95.9440000000000436
96.0940000000000437
96.2320000000000438
96.378000000000044
96.5320000000000441
96.6750000000000442
96.8220000000000444
96.9770000000000445
97.1110000000000446
97.2510000000000447
97.3910000000000448
97.535000000000045
97.6900000000000451
97.8340000000000452
97.9850000000000454
98.1240000000000455
98.2640000000000456
98.4030000000000458
98.5450000000000459
98.692000000000046
98.8380000000000461
98.9800000000000463
99.1320000000000464
99.2830000000000465
99.4260000000000467
99.5720000000000468
99.7280000000000469
99.8710000000000471
100.0120000000000472
100.1580000000000473
100.3060000000000474
100.4500000000000476
100.6090000000000477
100.7430000000000478
100.886000000000048
101.0310000000000481
101.1800000000000482
101.3290000000000484
101.4880000000000485
101.6270000000000486
101.7680000000000487
101.9180000000000489
102.062000000000049
102.2130000000000491
102.3690000000000493
102.5110000000000494
102.6530000000000495
102.7990000000000497
102.9400000000000498
103.0830000000000499
103.22500000000005
103.3740000000000502
103.5420000000000503
103.6860000000000504
103.8270000000000506
103.9750000000000507
104.1240000000000508
104.271000000000051
104.4330000000000511
104.5860000000000512
104.7360000000000514
104.8940000000000515
105.0400000000000516
105.1910000000000518
105.3380000000000519
105.493000000000052
105.6530000000000522
105.7940000000000523
105.9360000000000524
106.0800000000000526
106.2250000000000527
106.3710000000000528
106.519000000000053
106.6660000000000531
106.8230000000000532
106.9680000000000534
107.1130000000000535
107.2580000000000536
107.4040000000000538
107.5460000000000539
107.704000000000054
107.8500000000000541
107.9900000000000543
108.1350000000000544
108.2800000000000545
108.4250000000000546
108.5820000000000548
108.7400000000000549
108.9060000000000551
109.6150000000000557
109.7540000000000558
109.904000000000056
110.0660000000000561
110.2340000000000563
110.3850000000000564
110.5360000000000565
113.5500000000000592
113.6800000000000593
113.8280000000000595
113.9820000000000596
114.1420000000000597
114.2940000000000599
114.44900000000006
114.6080000000000601
114.7700000000000603
114.9280000000000604
115.0860000000000606
115.2500000000000607
115.4120000000000609
115.567000000000061
115.7300000000000611
115.8850000000000613
116.0400000000000614
116.1850000000000615
116.3400000000000617
116.4870000000000618
116.647000000000062
116.7960000000000621
116.9420000000000622
117.0940000000000624
117.2310000000000625
117.3810000000000626
117.5460000000000628
117.6920000000000629
117.832000000000063
117.9830000000000632
118.1390000000000633
118.2930000000000634
118.4600000000000636
118.6080000000000637
118.7550000000000638
118.902000000000064
119.0480000000000641
119.1980000000000642
119.3560000000000644
119.5030000000000645
119.6510000000000646
119.8040000000000648
119.9600000000000649
120.113000000000065
120.2750000000000652
120.4170000000000653
120.5600000000000654
120.7070000000000656
120.8520000000000657
120.9900000000000658
121.1350000000000659
121.2800000000000661
121.4310000000000662
121.6050000000000664
121.7500000000000665
123.0370000000000676
123.1740000000000678
123.3250000000000679
123.475000000000068
123.6280000000000682
123.8030000000000683
123.9850000000000685
124.1350000000000686
124.2770000000000687
124.4330000000000689
124.584000000000069
124.7420000000000692
124.9070000000000693
125.0440000000000694
125.1930000000000696
125.3560000000000697
125.5090000000000698
125.65900000000007
125.8170000000000701
125.9700000000000702
126.1350000000000704
126.2810000000000705
126.4250000000000706
126.5710000000000708
126.7120000000000709
126.862000000000071
127.0090000000000712
127.1560000000000713
127.3080000000000714
127.4700000000000716
127.6190000000000717
127.7610000000000718
127.908000000000072
128.053000000000072
128.203000000000072
128.355000000000072
128.504000000000072
128.656000000000073
128.809000000000073
128.983000000000073
129.134000000000073
129.286000000000073
129.442000000000073
129.600000000000073
129.758000000000074
129.908000000000074
130.059000000000074
130.227000000000074
130.377000000000074
130.533000000000074
130.697000000000074
133.962000000000077
134.102000000000077
134.245000000000078
134.395000000000078
134.552000000000078
134.704000000000078
134.862000000000078
135.008000000000078
135.157000000000078
135.307000000000079
135.453000000000079
135.605000000000079
135.748000000000079
135.905000000000079
136.072000000000079
136.219000000000079
136.361000000000079
136.51000000000008
136.66300000000008
136.81800000000008
136.96600000000008
137.11900000000008
137.28800000000008
137.43600000000008
137.583000000000081
137.737000000000081
137.882000000000081
138.037000000000081
138.194000000000081
138.349000000000081
138.490000000000081
138.644000000000082
138.796000000000082
138.946000000000082
139.119000000000082
139.293000000000082
139.452000000000082
139.605000000000082
139.758000000000082
140.176000000000083
140.304000000000083
140.450000000000083
140.604000000000083
140.768000000000083
140.911000000000084
141.058000000000084
141.204000000000084
141.352000000000084
141.499000000000084
141.649000000000084
141.801000000000084
141.959000000000084
142.100000000000085
142.240000000000085
142.393000000000085
142.545000000000085
142.854000000000085
143.011000000000085
143.158000000000086
143.303000000000086
143.456000000000086
143.603000000000086
143.763000000000086
143.905000000000086
144.050000000000086
144.196000000000086
144.343000000000087
144.494000000000087
144.644000000000087
144.789000000000087
144.952000000000087
145.102000000000087
145.252000000000087
145.400000000000088
145.551000000000088
145.709000000000088
145.881000000000088
146.032000000000088
146.172000000000088
146.328000000000088
146.495000000000088
146.652000000000089
146.807000000000089
146.968000000000089
147.136000000000089
147.272000000000089
147.418000000000089
147.569000000000089
147.71900000000009
147.86500000000009
148.00900000000009
148.15700000000009
148.31400000000009
148.67000000000009
148.795000000000091
148.961000000000091
149.089000000000091
149.245000000000091
149.394000000000091
149.542000000000091
149.692000000000091
149.841000000000091
150.010000000000092
150.156000000000092
150.305000000000092
150.457000000000092
150.611000000000092
150.760000000000092
150.913000000000092
151.068000000000093
151.219000000000093
151.373000000000093
151.540000000000093
151.687000000000093
151.837000000000093
151.982000000000093
152.131000000000093
152.282000000000094
152.434000000000094
152.590000000000094
152.765000000000094
152.912000000000094
153.064000000000094
153.213000000000094
153.370000000000095
153.530000000000095
153.703000000000095
153.854000000000095
153.996000000000095
154.141000000000095
154.292000000000095
154.452000000000096
154.627000000000096
154.788000000000096
154.941000000000096
155.099000000000096
155.286000000000096
155.452000000000096
155.609000000000097
155.776000000000097
155.917000000000097
156.068000000000097
156.214000000000097
156.361000000000097
156.530000000000097
156.674000000000098
156.821000000000098
156.980000000000098
157.124000000000098
157.272000000000098
157.427000000000098
157.585000000000098
157.733000000000098
157.881000000000099
158.051000000000099
158.195000000000099
158.335000000000099
158.490000000000099
158.637000000000099
158.787000000000099
158.9590000000001
159.0930000000001
159.2450000000001
159.4010000000001
159.5500000000001
159.7030000000001
159.8530000000001
160.0090000000001
160.163000000000101
160.313000000000101
160.478000000000101
160.635000000000101
160.782000000000101
160.934000000000101
161.090000000000101
161.245000000000102
161.408000000000102
161.562000000000102
161.743000000000102
162.067000000000102
162.213000000000102
162.372000000000103
162.531000000000103
162.687000000000103
162.834000000000103
163.006000000000103
163.153000000000103
163.305000000000103
163.454000000000104
163.595000000000104
163.751000000000104
163.910000000000104
164.060000000000104
164.237000000000104
164.379000000000104
164.535000000000104
164.679000000000105
164.843000000000105
164.995000000000105
165.156000000000105
165.315000000000105
165.477000000000105
165.625000000000105
165.773000000000106
165.920000000000106
171.917000000000111
188.323000000000126
214.066000000000148
247.091000000000178
247.637000000000178
299.592000000000224
299.840000000000225
329.647000000000251
362.811000000000281
378.711000000000295
378.851000000000295
399.179000000000313
400.436000000000314
431.815000000000342
431.948000000000342
432.079000000000342
432.227000000000342
454.772000000000362
491.793000000000395
491.913000000000395
502.592000000000405
539.629000000000438
540.332000000000438
599.225000000000491
599.811000000000491
600.439000000000492
600.706000000000492
608.389000000000499
648.075000000000534
648.356000000000534
666.892000000000551
666.996000000000551
720.946000000000599
721.055000000000599
721.184000000000599
721.316000000000599
721.440000000000599
721.566000000000599
721.690000000000599
721.814000000000599
721.9340000000006
722.0620000000006
722.1940000000006
722.3060000000006
722.4460000000006
722.5660000000006
722.7170000000006
722.8300000000006
722.9620000000006
723.075000000000601
723.193000000000601
723.341000000000601
723.465000000000601
723.604000000000601
723.719000000000601
723.854000000000601
723.978000000000601
724.106000000000601
724.243000000000602
724.365000000000602
724.496000000000602
724.639000000000602
724.759000000000602
724.902000000000602
725.034000000000602
725.162000000000602
725.226000000000602
725.283000000000602
725.296000000000602
725.360000000000603
725.417000000000603
725.540000000000603
725.561000000000603
725.722000000000603
725.739000000000603
725.802000000000603
725.821000000000603
725.840000000000603
726.721000000000604
726.743000000000604
727.388000000000604
727.466000000000604
727.546000000000604
727.554000000000604
727.665000000000605
728.295000000000605
728.385000000000605
728.433000000000605
728.563000000000605
728.698000000000606
729.789000000000606
729.925000000000607
742.342000000000618
742.483000000000618
742.571000000000618
742.769000000000618
742.892000000000618
743.017000000000618
743.114000000000618
743.133000000000618
743.273000000000618
743.394000000000619
743.413000000000619
743.434000000000619
743.533000000000619
743.673000000000619
743.693000000000619
743.714000000000619
743.793000000000619
743.814000000000619
744.012000000000619
744.142000000000619
744.275000000000619
744.41100000000062
744.54300000000062
744.67700000000062
744.82300000000062
744.96300000000062
745.11300000000062
745.25200000000062
758.767000000000632
758.837000000000632
758.901000000000632
759.057000000000632
759.188000000000633
759.317000000000633
759.459000000000633
759.598000000000633
759.725000000000633
759.866000000000633
760.742000000000634
760.876000000000634
761.684000000000635
761.967000000000635
762.271000000000635
763.070000000000636
763.217000000000636
763.338000000000636
763.457000000000636
763.602000000000637
763.735000000000637
763.792000000000637
763.861000000000637
763.992000000000637
764.127000000000637
765.329000000000638
765.445000000000638
765.571000000000638
765.694000000000638
765.806000000000638
765.943000000000639
766.070000000000639
766.201000000000639
766.257000000000639
766.337000000000639
766.463000000000639
766.604000000000639
766.740000000000639
766.855000000000639
767.00700000000064
767.14900000000064
767.27000000000064
767.52400000000064
767.65400000000064
767.78900000000064
767.93800000000064
768.06700000000064
768.196000000000641
768.334000000000641
768.467000000000641
768.603000000000641
768.747000000000641
768.868000000000641
769.011000000000641
769.149000000000641
769.277000000000642
769.400000000000642
769.542000000000642
769.676000000000642
769.809000000000642
769.932000000000642
770.067000000000642
770.226000000000642
770.354000000000643
770.485000000000643
770.606000000000643
770.742000000000643
770.880000000000643
771.024000000000643
772.240000000000644
772.377000000000644
772.927000000000645
773.063000000000645
773.192000000000645
773.342000000000645
773.472000000000645
773.612000000000645
773.747000000000646
773.868000000000646
773.999000000000646
774.130000000000646
774.256000000000646
774.378000000000646
774.515000000000646
774.669000000000646
774.811000000000646
774.937000000000647
775.078000000000647
775.211000000000647
775.358000000000647
775.501000000000647
775.638000000000647
775.716000000000647
775.795000000000647
775.915000000000647
776.048000000000648
776.109000000000648
776.176000000000648
776.305000000000648
776.453000000000648
776.573000000000648
776.712000000000648
776.840000000000648
776.972000000000648
777.105000000000649
777.230000000000649
777.388000000000649
777.531000000000649
777.655000000000649
777.782000000000649
777.915000000000649
778.042000000000649
778.166000000000649
778.29300000000065
778.37300000000065
778.72100000000065
778.85200000000065
778.99100000000065
779.12900000000065
779.25900000000065
779.391000000000651
779.527000000000651
779.820000000000651
779.951000000000651
780.082000000000651
780.228000000000651
780.359000000000651
780.492000000000652
780.625000000000652
780.770000000000652
780.906000000000652
781.050000000000652
781.211000000000652
781.358000000000652
786.379000000000657
788.251000000000658
788.412000000000659
788.548000000000659
788.683000000000659
788.823000000000659
788.958000000000659
789.101000000000659
789.244000000000659
789.378000000000659
789.51000000000066
789.66300000000066
789.79800000000066
789.93100000000066
790.07100000000066
790.21700000000066
790.34400000000066
790.48800000000066
790.61600000000066
790.740000000000661
790.809000000000661
790.873000000000661
791.042000000000661
791.183000000000661
791.331000000000661
791.471000000000661
791.615000000000661
791.759000000000662
791.904000000000662
792.044000000000662
792.187000000000662
792.342000000000662
792.484000000000662
792.615000000000662
792.753000000000662
792.889000000000662
793.043000000000663
793.177000000000663
793.330000000000663
793.472000000000663
793.626000000000663
793.772000000000663
793.915000000000663
794.080000000000664
794.346000000000664
794.423000000000664
795.809000000000665
795.943000000000665
796.087000000000665
796.246000000000666
796.658000000000666
796.789000000000666
798.333000000000667
798.429000000000668
798.890000000000668
799.027000000000668
799.184000000000668
799.234000000000668
799.295000000000668
799.365000000000668
799.434000000000668
799.566000000000668
799.692000000000669
799.755000000000669
799.820000000000669
799.953000000000669
800.085000000000669
800.216000000000669
800.353000000000669
800.495000000000669
800.636000000000669
800.76500000000067
800.89500000000067
801.03600000000067
801.18100000000067
801.31600000000067
801.46300000000067
801.60100000000067
801.73500000000067
801.878000000000671
802.014000000000671
802.152000000000671
802.305000000000671
802.437000000000671
802.565000000000671
802.707000000000671
802.836000000000671
802.977000000000672
803.107000000000672
803.233000000000672
803.365000000000672
803.505000000000672
803.629000000000672
803.785000000000672
803.923000000000672
804.075000000000672
804.206000000000673
804.336000000000673
804.487000000000673
804.616000000000673
805.189000000000673
805.319000000000674
805.453000000000674
805.590000000000674
805.883000000000674
806.017000000000674
806.162000000000674
806.297000000000674
806.425000000000674
806.559000000000675
806.700000000000675
809.636000000000677
809.774000000000678
809.909000000000678
810.046000000000678
810.182000000000678
810.327000000000678
810.465000000000678
810.617000000000678
810.770000000000678
810.905000000000679
811.061000000000679
811.195000000000679
811.329000000000679
811.459000000000679
811.584000000000679
811.667000000000679
811.745000000000679
811.889000000000679
812.04200000000068
812.18600000000068
812.34900000000068
812.48700000000068
812.62600000000068
812.76300000000068
812.89400000000068
812.96700000000068
813.04500000000068
813.178000000000681
813.324000000000681
813.457000000000681
813.585000000000681
813.733000000000681
813.871000000000681
813.999000000000681
816.906000000000684
817.715000000000685
817.855000000000685
818.001000000000685
818.141000000000685
818.281000000000685
818.413000000000685
818.547000000000685
818.691000000000685
818.811000000000686
818.955000000000686
819.093000000000686
819.255000000000686
819.385000000000686
819.511000000000686
819.655000000000686
819.800000000000686
819.924000000000687
820.073000000000687
820.215000000000687
820.364000000000687
820.515000000000687
820.672000000000687
820.816000000000687
820.953000000000688
821.089000000000688
821.240000000000688
821.370000000000688
821.523000000000688
821.666000000000688
821.815000000000688
821.957000000000688
822.112000000000688
822.237000000000689
822.543000000000689
822.695000000000689
822.849000000000689
823.001000000000689
823.143000000000689
823.29300000000069
823.44400000000069
823.61400000000069
823.76400000000069
823.90600000000069
824.05000000000069
824.32300000000069
824.764000000000691
824.916000000000691
825.073000000000691
825.217000000000691
825.481000000000691
825.874000000000692
826.031000000000692
826.114000000000692
826.184000000000692
827.216000000000693
827.435000000000693
827.508000000000693
827.570000000000693
827.846000000000694
827.964000000000694
828.140000000000694
828.214000000000694
828.266000000000694
828.392000000000694
828.547000000000694
828.615000000000694
828.827000000000694
828.897000000000694
828.960000000000695
829.097000000000695
829.248000000000695
829.326000000000695
829.397000000000695
829.571000000000695
830.780000000000696
830.912000000000696
830.923000000000696
831.082000000000696
831.177000000000696
831.232000000000697
831.386000000000697
831.604000000000697
831.808000000000697
831.884000000000697
831.947000000000697
832.091000000000697
832.233000000000697
832.278000000000698
832.359000000000698
832.525000000000698
832.655000000000698
832.784000000000698
832.921000000000698
833.054000000000698
833.351000000000698
833.469000000000699
833.641000000000699
833.783000000000699
833.842000000000699
833.916000000000699
834.045000000000699
834.173000000000699
835.0070000000007
835.3310000000007
835.4710000000007
835.769000000000701
836.188000000000701
836.331000000000701
836.496000000000701
836.654000000000701
836.955000000000702
837.041000000000702
837.262000000000702
837.329000000000702
837.830000000000702
837.990000000000703
838.146000000000703
838.237000000000703
838.309000000000703
838.392000000000703
838.460000000000703
838.610000000000703
838.782000000000703
838.949000000000703
839.125000000000704
839.283000000000704
839.433000000000704
839.556000000000704
839.684000000000704
839.821000000000704
839.966000000000704
840.221000000000705
840.283000000000705
840.568000000000705
840.712000000000705
840.847000000000705
840.994000000000705
841.140000000000705
841.268000000000706
841.414000000000706
841.567000000000706
841.711000000000706
841.870000000000706
842.015000000000706
842.970000000000707
846.79500000000071
846.932000000000711
847.078000000000711
847.221000000000711
847.366000000000711
847.520000000000711
847.670000000000711
848.491000000000712
848.793000000000712
848.913000000000712
849.187000000000712
849.346000000000713
849.465000000000713
849.634000000000713
850.068000000000713
850.221000000000713
850.388000000000714
850.986000000000714
851.738000000000715
851.810000000000715
851.892000000000715
852.030000000000715
852.186000000000715
852.321000000000715
852.480000000000716
852.632000000000716
852.767000000000716
852.920000000000716
853.081000000000716
853.413000000000716
853.723000000000717
853.876000000000717
854.190000000000717
854.312000000000717
854.471000000000717
854.536000000000717
854.609000000000717
855.046000000000718
855.121000000000718
855.188000000000718
855.246000000000718
855.339000000000718
855.403000000000718
855.557000000000718
855.613000000000718
855.677000000000718
855.936000000000719
855.998000000000719
856.059000000000719
856.123000000000719
856.199000000000719
856.260000000000719
856.396000000000719
856.579000000000719
856.711000000000719
857.03000000000072
857.09500000000072
857.15800000000072
857.33200000000072
857.48900000000072
857.61200000000072
857.76200000000072
857.91300000000072
858.05700000000072
858.18300000000072
858.316000000000721
858.448000000000721
860.136000000000722
860.289000000000722
860.428000000000723
860.575000000000723
860.728000000000723
860.878000000000723
861.029000000000723
861.159000000000723
861.303000000000723
861.436000000000723
862.567000000000724
862.692000000000725
862.827000000000725
862.955000000000725
863.087000000000725
863.223000000000725
863.343000000000725
863.435000000000725
863.501000000000725
863.637000000000725
863.783000000000726
864.079000000000726
864.227000000000726
864.368000000000726
864.495000000000726
864.648000000000726
864.793000000000726
864.917000000000727
865.049000000000727
865.205000000000727
865.344000000000727
865.494000000000727
865.623000000000727
865.759000000000727
865.894000000000727
866.019000000000727
866.403000000000728
866.488000000000728
866.560000000000728
866.716000000000728
866.853000000000728
867.019000000000728
867.638000000000729
867.789000000000729
867.844000000000729
868.24500000000073
868.37800000000073
868.50400000000073
868.60000000000073
868.65700000000073
868.74800000000073
868.81100000000073
868.90100000000073
868.96200000000073
869.10200000000073
869.19300000000073
869.25500000000073
869.41900000000073
869.873000000000731
869.940000000000731
870.004000000000731
870.120000000000731
870.611000000000732
870.744000000000732
870.836000000000732
870.894000000000732
871.906000000000733
871.968000000000733
872.032000000000733
872.450000000000733
872.591000000000733
872.733000000000733
872.854000000000734
872.978000000000734
873.105000000000734
873.227000000000734
873.349000000000734
873.495000000000734
873.615000000000734
873.764000000000734
873.879000000000734
873.957000000000735
874.314000000000735
874.589000000000735
874.709000000000735
874.845000000000735
874.982000000000736
875.111000000000736
875.235000000000736
875.393000000000736
875.534000000000736
875.671000000000736
875.801000000000736
875.958000000000736
876.083000000000736
876.245000000000737
876.360000000000737
876.419000000000737
876.498000000000737
876.558000000000737
876.623000000000737
876.795000000000737
876.932000000000737
877.067000000000737
1028.69500000000087
1028.84600000000087
1029.02800000000087
1029.16500000000087
1029.31700000000087
1029.57600000000087
1029.73200000000087
1277.03000000000109
1290.5540000000011
1292.42300000000111
1292.46800000000111
1292.77300000000111
1293.06300000000111
1293.74800000000111
1293.99200000000111
1294.12500000000111
1853.8280000000016
1853.9740000000016
1854.1200000000016
1854.28100000000161
1854.45700000000161
1854.60200000000161
1854.74700000000161
-4
16.9869999999999995
17.1299999999999994
17.2789999999999992
17.4349999999999991
17.586999999999999
17.7459999999999988
17.8989999999999987
18.0579999999999986
18.2179999999999984
18.3689999999999983
18.5189999999999982
18.6769999999999981
18.8289999999999979
18.9969999999999978
19.1689999999999976
19.3249999999999975
19.4769999999999974
19.6369999999999972
19.7849999999999971
19.944999999999997
20.1029999999999968
20.2559999999999967
20.4059999999999966
20.5489999999999965
20.6929999999999963
20.8319999999999962
20.9889999999999961
21.137999999999996
21.2779999999999959
21.4249999999999957
21.5719999999999956
21.7189999999999955
21.8629999999999954
22.0099999999999952
22.1539999999999951
22.300999999999995
22.4419999999999949
22.5779999999999948
22.7269999999999946
22.8699999999999945
23.0179999999999944
23.1629999999999943
23.3089999999999941
23.455999999999994
23.6079999999999939
23.7529999999999938
23.9099999999999936
24.0509999999999935
24.2019999999999934
24.3589999999999932
24.5199999999999931
24.676999999999993
24.8149999999999929
24.9609999999999927
25.1069999999999926
25.2589999999999925
25.4039999999999924
25.5609999999999922
25.7119999999999921
25.868999999999992
26.0259999999999918
26.0629999999999918
26.2019999999999917
26.3689999999999915
26.5199999999999914
26.5559999999999914
26.6839999999999913
26.8509999999999911
27.020999999999991
27.058999999999991
27.2849999999999908
27.4149999999999907
27.5799999999999905
27.7339999999999904
27.8919999999999903
28.0429999999999901
28.19699999999999
28.3499999999999899
28.5049999999999897
28.6749999999999896
28.9509999999999894
29.1139999999999892
29.2799999999999891
29.415999999999989
29.5699999999999888
29.7079999999999887
29.8649999999999886
30.0019999999999885
30.1549999999999883
30.2999999999999882
30.4649999999999881
30.599999999999988
30.7509999999999878
30.8969999999999877
31.0489999999999876
31.2009999999999874
31.3479999999999873
31.5059999999999872
31.6539999999999871
31.8099999999999869
31.9529999999999868
32.1119999999999869
32.263999999999987
32.4109999999999871
32.5649999999999873
32.7259999999999874
32.8779999999999876
33.0179999999999877
33.1689999999999878
33.329999999999988
33.4699999999999881
33.6269999999999882
33.7679999999999883
33.9239999999999885
34.0719999999999886
34.2259999999999888
34.3789999999999889
34.532999999999989
34.6799999999999892
34.8339999999999893
34.9799999999999894
35.1309999999999896
35.2709999999999897
36.6949999999999909
36.8379999999999911
37.1449999999999913
37.3049999999999915
37.4609999999999916
37.6129999999999918
37.7629999999999919
37.913999999999992
38.0749999999999922
38.2219999999999923
38.3779999999999924
38.5289999999999926
38.6869999999999927
38.8379999999999928
38.996999999999993
39.1369999999999931
39.2929999999999932
39.4439999999999934
39.6169999999999935
39.7589999999999937
39.9109999999999938
40.0629999999999939
40.2229999999999941
40.3779999999999942
40.5279999999999944
40.6789999999999945
40.8249999999999946
43.9789999999999974
44.1229999999999975
44.2709999999999977
44.4289999999999978
44.5739999999999979
44.7319999999999981
44.8949999999999982
45.0559999999999984
45.2159999999999985
45.3739999999999987
45.5299999999999988
45.6889999999999989
45.8469999999999991
46.0079999999999992
46.1609999999999994
46.3249999999999995
46.4749999999999996
46.6259999999999998
46.7859999999999999
46.947
47.0980000000000002
47.2540000000000003
47.4110000000000005
47.5660000000000006
47.7240000000000007
47.8940000000000009
48.037000000000001
48.1950000000000012
48.3540000000000013
48.5220000000000014
48.6710000000000016
48.8370000000000017
48.9850000000000019
49.138000000000002
49.2910000000000021
49.4430000000000023
49.5950000000000024
49.7590000000000025
49.9050000000000027
50.0650000000000028
50.221000000000003
50.3780000000000031
50.5320000000000032
50.6940000000000034
50.8480000000000035
51.0110000000000037
51.1550000000000038
51.3190000000000039
51.4730000000000041
51.6220000000000042
51.7750000000000043
51.9390000000000045
52.0900000000000046
52.2480000000000048
52.3960000000000049
52.548000000000005
52.6990000000000052
52.8600000000000053
53.0150000000000054
86.0260000000000348
86.1570000000000349
86.294000000000035
86.4380000000000351
86.5840000000000353
86.7230000000000354
86.8660000000000355
87.0180000000000356
87.1580000000000358
87.3070000000000359
87.457000000000036
87.6010000000000362
87.7550000000000363
87.9060000000000364
88.0520000000000366
88.1970000000000367
88.3630000000000368
88.510000000000037
88.6620000000000371
88.8180000000000372
88.9670000000000374
89.1170000000000375
89.2700000000000376
89.4210000000000378
89.5650000000000379
89.719000000000038
89.8770000000000382
90.0510000000000383
90.2070000000000385
90.3630000000000386
90.5400000000000388
90.7230000000000389
90.8750000000000391
91.0240000000000392
91.1860000000000393
91.3370000000000395
91.5050000000000396
91.6580000000000398
91.8070000000000399
91.95200000000004
92.1030000000000402
92.2450000000000403
92.3920000000000404
92.5380000000000405
92.6870000000000407
92.8300000000000408
92.9840000000000409
93.1290000000000411
93.2750000000000412
93.4200000000000413
93.5540000000000414
93.7010000000000416
93.8540000000000417
93.9960000000000418
94.136000000000042
94.2850000000000421
94.4320000000000422
94.5810000000000424
94.7350000000000425
94.8680000000000426
95.0060000000000427
95.1570000000000429
95.301000000000043
95.4410000000000431
95.5920000000000433
95.7350000000000434
95.8860000000000435
96.0190000000000436
96.1730000000000438
96.3140000000000439
96.460000000000044
96.6100000000000442
96.7560000000000443
96.9010000000000444
97.0510000000000446
97.1900000000000447
97.3310000000000448
97.4770000000000449
97.6200000000000451
97.7700000000000452
97.9110000000000453
98.0580000000000454
98.2060000000000456
98.3470000000000457
98.4850000000000458
98.627000000000046
98.7700000000000461
98.9180000000000462
99.0650000000000463
99.2140000000000465
99.3600000000000466
99.5120000000000467
99.6610000000000469
99.813000000000047
99.9610000000000471
100.1070000000000473
100.2400000000000474
100.3850000000000475
100.5260000000000476
100.6810000000000478
100.8210000000000479
100.964000000000048
101.1130000000000482
101.2620000000000483
101.4090000000000484
101.5620000000000486
101.7050000000000487
101.8600000000000488
102.0000000000000489
102.1470000000000491
102.2910000000000492
102.4480000000000493
102.5900000000000495
102.7360000000000496
102.8760000000000497
103.0210000000000498
103.16600000000005
103.3150000000000501
103.4670000000000502
103.6190000000000504
103.7690000000000505
103.9220000000000507
104.0670000000000508
104.2200000000000509
104.365000000000051
104.5260000000000512
104.6790000000000513
104.8360000000000515
104.9850000000000516
105.1340000000000517
105.2810000000000519
105.432000000000052
105.5760000000000521
105.7280000000000523
105.8780000000000524
106.0150000000000525
106.1610000000000526
106.3060000000000528
106.4510000000000529
106.602000000000053
106.7490000000000532
106.9030000000000533
107.0500000000000534
107.2000000000000536
107.3420000000000537
107.4920000000000538
107.634000000000054
107.7860000000000541
107.9280000000000542
108.0740000000000543
108.2160000000000545
108.3610000000000546
108.5090000000000547
108.6720000000000549
108.822000000000055
108.9770000000000551
109.6840000000000558
109.8310000000000559
109.996000000000056
110.1580000000000562
110.3160000000000563
110.4660000000000565
110.6230000000000566
113.6150000000000593
113.7580000000000594
113.9140000000000595
114.0680000000000597
114.2210000000000598
114.3730000000000599
114.5310000000000601
114.6940000000000602
114.8560000000000604
115.0130000000000605
115.1810000000000606
115.3420000000000608
115.5000000000000609
115.6480000000000611
115.8120000000000612
115.9670000000000614
116.1180000000000615
116.2680000000000616
116.4150000000000618
116.5640000000000619
116.725000000000062
116.8720000000000622
117.0230000000000623
117.1660000000000624
117.3160000000000626
117.4660000000000627
117.6190000000000628
117.7600000000000629
117.9140000000000631
118.0650000000000632
118.2180000000000634
118.3800000000000635
118.5370000000000636
118.6880000000000638
118.8320000000000639
118.991000000000064
119.1390000000000642
119.2780000000000643
119.4370000000000644
119.5830000000000646
119.7360000000000647
119.8940000000000648
120.048000000000065
120.2020000000000651
120.3590000000000653
120.4900000000000654
120.6480000000000655
120.7860000000000656
120.9220000000000658
121.0660000000000659
121.220000000000066
121.3650000000000661
121.5180000000000663
121.6840000000000664
121.8260000000000666
123.1040000000000677
123.2520000000000678
123.405000000000068
123.5630000000000681
123.7190000000000682
123.8920000000000684
124.0670000000000686
124.2100000000000687
124.3620000000000688
124.517000000000069
124.6730000000000691
124.8230000000000692
124.9800000000000694
125.1300000000000695
125.2860000000000696
125.4380000000000698
125.5890000000000699
125.74600000000007
125.9020000000000702
126.0570000000000703
126.2130000000000704
126.3580000000000706
126.5030000000000707
126.6450000000000708
126.794000000000071
126.9440000000000711
127.0910000000000712
127.2410000000000714
127.3870000000000715
127.5510000000000716
127.6940000000000718
127.8400000000000719
127.991000000000072
128.139000000000072
128.288000000000072
128.438000000000072
128.587000000000073
128.746000000000073
128.907000000000073
129.067000000000073
129.223000000000073
129.383000000000073
129.544000000000073
129.694000000000074
129.844000000000074
129.994000000000074
130.143000000000074
130.306000000000074
130.461000000000074
130.617000000000074
130.775000000000075
134.033000000000077
134.184000000000078
134.327000000000078
134.479000000000078
134.636000000000078
134.783000000000078
134.939000000000078
135.089000000000078
135.241000000000078
135.389000000000079
135.539000000000079
135.683000000000079
135.833000000000079
135.992000000000079
136.153000000000079
136.291000000000079
136.43300000000008
136.58900000000008
136.74000000000008
136.89600000000008
137.05100000000008
137.19900000000008
137.36300000000008
137.51400000000008
137.665000000000081
137.812000000000081
137.961000000000081
138.119000000000081
138.275000000000081
138.422000000000081
138.573000000000081
138.725000000000082
138.877000000000082
139.032000000000082
139.223000000000082
139.379000000000082
139.536000000000082
139.691000000000082
139.842000000000083
140.237000000000083
140.382000000000083
140.546000000000083
140.691000000000083
140.851000000000083
141.003000000000084
141.147000000000084
141.302000000000084
141.457000000000084
141.595000000000084
141.751000000000084
141.898000000000084
142.041000000000085
142.187000000000085
142.342000000000085
142.497000000000085
142.791000000000085
142.954000000000085
143.107000000000085
143.249000000000086
143.391000000000086
143.538000000000086
143.691000000000086
143.843000000000086
143.988000000000086
144.145000000000086
144.289000000000086
144.436000000000087
144.589000000000087
144.735000000000087
144.883000000000087
145.037000000000087
145.196000000000087
145.345000000000087
145.501000000000088
145.653000000000088
145.807000000000088
145.973000000000088
146.118000000000088
146.265000000000088
146.432000000000088
146.585000000000089
146.751000000000089
146.904000000000089
147.055000000000089
147.208000000000089
147.360000000000089
147.510000000000089
147.65900000000009
147.80800000000009
147.95200000000009
148.09600000000009
148.25400000000009
148.59600000000009
148.73300000000009
148.882000000000091
149.027000000000091
149.180000000000091
149.336000000000091
149.479000000000091
149.626000000000091
149.781000000000091
149.933000000000092
150.091000000000092
150.242000000000092
150.395000000000092
150.555000000000092
150.700000000000092
150.850000000000092
150.999000000000092
151.154000000000093
151.305000000000093
151.456000000000093
151.619000000000093
151.771000000000093
151.920000000000093
152.065000000000093
152.219000000000094
152.375000000000094
152.530000000000094
152.689000000000094
152.847000000000094
152.996000000000094
153.149000000000094
153.308000000000095
153.480000000000095
153.631000000000095
153.789000000000095
153.933000000000095
154.077000000000095
154.225000000000095
154.382000000000095
154.552000000000096
154.719000000000096
154.869000000000096
155.036000000000096
155.201000000000096
155.380000000000096
155.540000000000096
155.706000000000097
155.855000000000097
156.000000000000097
156.155000000000097
156.301000000000097
156.450000000000097
156.610000000000097
156.765000000000098
156.919000000000098
157.069000000000098
157.218000000000098
157.367000000000098
157.524000000000098
157.671000000000098
157.818000000000099
157.971000000000099
158.131000000000099
158.274000000000099
158.425000000000099
158.574000000000099
158.719000000000099
158.872000000000099
159.0300000000001
159.1790000000001
159.3340000000001
159.4900000000001
159.6420000000001
159.7900000000001
159.9460000000001
160.103000000000101
160.254000000000101
160.408000000000101
160.573000000000101
160.722000000000101
160.875000000000101
161.033000000000101
161.194000000000102
161.344000000000102
161.507000000000102
161.676000000000102
162.001000000000102
162.154000000000102
162.316000000000103
162.463000000000103
162.618000000000103
162.772000000000103
162.927000000000103
163.089000000000103
163.243000000000103
163.389000000000103
163.538000000000104
163.688000000000104
163.845000000000104
164.005000000000104
164.159000000000104
164.320000000000104
164.472000000000104
164.624000000000105
164.781000000000105
164.930000000000105
165.089000000000105
165.254000000000105
165.402000000000105
165.563000000000105
165.709000000000106
165.865000000000106
166.722000000000106
184.297000000000122
209.243000000000144
237.275000000000169
247.108000000000178
296.842000000000222
299.768000000000225
303.182000000000228
359.091000000000277
372.794000000000289
378.827000000000295
399.137000000000313
399.726000000000313
417.449000000000329
431.876000000000342
432.015000000000342
432.226000000000342
450.310000000000358
476.490000000000382
491.854000000000395
498.017000000000401
517.903000000000418
540.300000000000438
595.191000000000487
599.284000000000491
600.012000000000491
600.643000000000492
608.356000000000499
631.476000000000519
648.099000000000534
666.64500000000055
666.932000000000551
675.811000000000559
721.000000000000599
721.115000000000599
721.247000000000599
721.371000000000599
721.496000000000599
721.623000000000599
721.743000000000599
721.865000000000599
721.9900000000006
722.1230000000006
722.2390000000006
722.3740000000006
722.4980000000006
722.6320000000006
722.7630000000006
722.8900000000006
723.0040000000006
723.118000000000601
723.268000000000601
723.395000000000601
723.531000000000601
723.649000000000601
723.776000000000601
723.904000000000601
724.026000000000601
724.171000000000602
724.296000000000602
724.425000000000602
724.566000000000602
724.688000000000602
724.825000000000602
724.957000000000602
725.087000000000602
725.207000000000602
725.254000000000602
725.288000000000602
725.352000000000603
725.386000000000603
725.538000000000603
725.550000000000603
725.667000000000603
725.729000000000603
725.798000000000603
725.809000000000603
725.829000000000603
726.720000000000604
726.733000000000604
726.751000000000604
727.465000000000604
727.490000000000604
727.552000000000604
727.612000000000605
728.289000000000605
728.354000000000605
728.411000000000605
728.558000000000605
728.660000000000606
729.738000000000606
729.857000000000607
742.260000000000618
742.407000000000618
742.570000000000618
742.699000000000618
742.839000000000618
742.978000000000618
743.100000000000618
743.123000000000618
743.271000000000618
743.383000000000619
743.411000000000619
743.423000000000619
743.532000000000619
743.672000000000619
743.692000000000619
743.712000000000619
743.792000000000619
743.812000000000619
743.935000000000619
744.074000000000619
744.199000000000619
744.334000000000619
744.46400000000062
744.60000000000062
744.74800000000062
744.89300000000062
745.02200000000062
745.17500000000062
745.30500000000062
758.823000000000632
758.873000000000632
758.976000000000632
759.115000000000633
759.243000000000633
759.381000000000633
759.512000000000633
759.650000000000633
759.788000000000633
759.928000000000633
760.790000000000634
761.663000000000635
761.716000000000635
762.251000000000635
762.999000000000636
763.139000000000636
763.265000000000636
763.383000000000636
763.581000000000636
763.664000000000637
763.790000000000637
763.834000000000637
763.967000000000637
764.046000000000637
765.260000000000638
765.388000000000638
765.503000000000638
765.624000000000638
765.742000000000638
765.923000000000639
766.043000000000639
766.123000000000639
766.250000000000639
766.311000000000639
766.432000000000639
766.527000000000639
766.714000000000639
766.784000000000639
766.92900000000064
767.12600000000064
767.24800000000064
767.50800000000064
767.57900000000064
767.70500000000064
767.88600000000064
768.05000000000064
768.181000000000641
768.255000000000641
768.393000000000641
768.527000000000641
768.668000000000641
768.798000000000641
768.933000000000641
769.067000000000641
769.205000000000642
769.330000000000642
769.513000000000642
769.602000000000642
769.735000000000642
769.861000000000642
769.996000000000642
770.177000000000642
770.287000000000642
770.415000000000643
770.540000000000643
770.669000000000643
770.853000000000643
770.980000000000643
772.225000000000644
772.320000000000644
772.910000000000645
772.985000000000645
773.119000000000645
773.305000000000645
773.400000000000645
773.528000000000645
773.703000000000646
773.798000000000646
773.975000000000646
774.059000000000646
774.236000000000646
774.338000000000646
774.430000000000646
774.626000000000646
774.791000000000646
774.915000000000647
775.067000000000647
775.199000000000647
775.338000000000647
775.485000000000647
775.568000000000647
775.710000000000647
775.747000000000647
775.847000000000647
775.976000000000648
776.105000000000648
776.152000000000648
776.238000000000648
776.405000000000648
776.542000000000648
776.638000000000648
776.815000000000648
776.932000000000648
777.075000000000648
777.197000000000649
777.353000000000649
777.456000000000649
777.627000000000649
777.752000000000649
777.843000000000649
778.020000000000649
778.110000000000649
778.23000000000065
778.35800000000065
778.69400000000065
778.78500000000065
778.96300000000065
779.05600000000065
779.18700000000065
779.31700000000065
779.458000000000651
779.785000000000651
779.926000000000651
780.056000000000651
780.150000000000651
780.293000000000651
780.456000000000652
780.551000000000652
780.737000000000652
780.864000000000652
780.973000000000652
781.113000000000652
781.345000000000652
781.878000000000653
786.436000000000657
788.325000000000658
788.475000000000659
788.612000000000659
788.749000000000659
788.885000000000659
789.027000000000659
789.169000000000659
789.307000000000659
789.437000000000659
789.58000000000066
789.72200000000066
789.85600000000066
789.99500000000066
790.17900000000066
790.31600000000066
790.41100000000066
790.54100000000066
790.667000000000661
790.795000000000661
790.842000000000661
790.987000000000661
791.107000000000661
791.298000000000661
791.395000000000661
791.532000000000661
791.678000000000662
791.829000000000662
791.967000000000662
792.106000000000662
792.313000000000662
792.406000000000662
792.578000000000662
792.723000000000662
792.818000000000662
793.016000000000663
793.108000000000663
793.237000000000663
793.393000000000663
793.532000000000663
793.693000000000663
793.837000000000663
793.991000000000664
794.153000000000664
794.419000000000664
795.735000000000665
795.870000000000665
796.016000000000665
796.235000000000666
796.622000000000666
796.713000000000666
798.259000000000667
798.410000000000667
798.871000000000668
799.014000000000668
799.145000000000668
799.233000000000668
799.253000000000668
799.360000000000668
799.402000000000668
799.543000000000668
799.619000000000668
799.746000000000669
799.796000000000669
799.926000000000669
800.008000000000669
800.181000000000669
800.256000000000669
800.422000000000669
800.610000000000669
800.73500000000067
800.82600000000067
801.01100000000067
801.14200000000067
801.24700000000067
801.42500000000067
801.57500000000067
801.70500000000067
801.82900000000067
801.986000000000671
802.107000000000671
802.286000000000671
802.366000000000671
802.495000000000671
802.668000000000671
802.765000000000671
802.952000000000671
803.058000000000672
803.161000000000672
803.339000000000672
803.428000000000672
803.592000000000672
803.744000000000672
803.889000000000672
804.053000000000672
804.167000000000673
804.294000000000673
804.443000000000673
804.549000000000673
805.165000000000674
805.291000000000674
805.449000000000674
805.570000000000674
805.850000000000674
805.989000000000674
806.121000000000674
806.265000000000674
806.353000000000674
806.492000000000675
806.622000000000675
806.746000000000675
809.697000000000678
809.838000000000678
810.013000000000678
810.112000000000678
810.253000000000678
810.390000000000678
810.540000000000678
810.694000000000678
810.887000000000678
811.009000000000679
811.119000000000679
811.297000000000679
811.429000000000679
811.504000000000679
811.664000000000679
811.724000000000679
811.866000000000679
812.01200000000068
812.10900000000068
812.25600000000068
812.41000000000068
812.55000000000068
812.73500000000068
812.81800000000068
812.95500000000068
813.01600000000068
813.09600000000068
813.246000000000681
813.425000000000681
813.514000000000681
813.655000000000681
813.823000000000681
813.926000000000681
814.125000000000681
816.965000000000684
817.779000000000685
817.923000000000685
818.065000000000685
818.205000000000685
818.340000000000685
818.472000000000685
818.611000000000685
818.738000000000686
818.876000000000686
819.014000000000686
819.160000000000686
819.305000000000686
819.435000000000686
819.576000000000686
819.725000000000686
819.906000000000686
819.991000000000687
820.134000000000687
820.283000000000687
820.432000000000687
820.610000000000687
820.737000000000687
820.876000000000687
821.005000000000688
821.157000000000688
821.343000000000688
821.441000000000688
821.656000000000688
821.732000000000688
821.878000000000688
822.020000000000688
822.163000000000689
822.501000000000689
822.658000000000689
822.804000000000689
822.917000000000689
823.064000000000689
823.21300000000069
823.36400000000069
823.51400000000069
823.67900000000069
823.87500000000069
823.97400000000069
824.11600000000069
824.709000000000691
824.834000000000691
825.015000000000691
825.192000000000691
825.458000000000691
825.539000000000692
825.997000000000692
826.108000000000692
826.156000000000692
827.203000000000693
827.406000000000693
827.488000000000693
827.529000000000693
827.779000000000694
827.896000000000694
828.050000000000694
828.193000000000694
828.217000000000694
828.385000000000694
828.493000000000694
828.611000000000694
828.799000000000694
828.882000000000694
828.916000000000695
829.079000000000695
829.166000000000695
829.304000000000695
829.361000000000695
829.508000000000695
829.608000000000695
830.883000000000696
830.918000000000696
830.999000000000696
831.156000000000696
831.208000000000697
831.348000000000697
831.589000000000697
831.780000000000697
831.866000000000697
831.906000000000697
832.056000000000697
832.153000000000697
832.277000000000698
832.336000000000698
832.504000000000698
832.580000000000698
832.705000000000698
832.880000000000698
832.972000000000698
833.311000000000698
833.461000000000699
833.630000000000699
833.708000000000699
833.839000000000699
833.871000000000699
834.033000000000699
834.096000000000699
834.230000000000699
835.3100000000007
835.4370000000007
835.738000000000701
836.139000000000701
836.249000000000701
836.442000000000701
836.564000000000701
836.871000000000702
837.029000000000702
837.244000000000702
837.327000000000702
837.814000000000702
837.899000000000702
838.049000000000703
838.214000000000703
838.255000000000703
838.373000000000703
838.415000000000703
838.584000000000703
838.688000000000703
838.944000000000703
839.105000000000704
839.273000000000704
839.409000000000704
839.536000000000704
839.661000000000704
839.738000000000704
839.882000000000704
840.200000000000704
840.242000000000705
840.507000000000705
840.633000000000705
840.769000000000705
840.917000000000705
841.065000000000705
841.204000000000705
841.337000000000706
841.488000000000706
841.623000000000706
841.782000000000706
841.938000000000706
842.903000000000707
843.049000000000707
846.85700000000071
847.058000000000711
847.146000000000711
847.287000000000711
847.500000000000711
847.623000000000711
848.468000000000712
848.756000000000712
848.834000000000712
849.103000000000712
849.288000000000713
849.379000000000713
849.602000000000713
850.053000000000713
850.203000000000713
850.363000000000714
850.971000000000714
851.700000000000715
851.806000000000715
851.871000000000715
851.945000000000715
852.102000000000715
852.243000000000715
852.397000000000715
852.550000000000716
852.693000000000716
852.891000000000716
853.056000000000716
853.380000000000716
853.688000000000717
853.874000000000717
854.146000000000717
854.272000000000717
854.435000000000717
854.520000000000717
854.575000000000717
855.027000000000718
855.060000000000718
855.168000000000718
855.199000000000718
855.317000000000718
855.366000000000718
855.529000000000718
855.602000000000718
855.642000000000718
855.914000000000718
855.956000000000719
856.048000000000719
856.077000000000719
856.182000000000719
856.208000000000719
856.313000000000719
856.523000000000719
856.662000000000719
856.985000000000719
857.07700000000072
857.12100000000072
857.26600000000072
857.40800000000072
857.53500000000072
857.68400000000072
857.82300000000072
857.98200000000072
858.11300000000072
858.243000000000721
858.382000000000721
858.505000000000721
860.249000000000722
860.357000000000722
860.501000000000723
860.643000000000723
860.794000000000723
860.946000000000723
861.135000000000723
861.224000000000723
861.404000000000723
862.341000000000724
862.607000000000724
862.755000000000725
862.880000000000725
863.011000000000725
863.143000000000725
863.265000000000725
863.422000000000725
863.473000000000725
863.592000000000725
863.699000000000725
864.000000000000726
864.150000000000726
864.292000000000726
864.418000000000726
864.569000000000726
864.712000000000726
864.844000000000726
864.964000000000727
865.121000000000727
865.253000000000727
865.412000000000727
865.543000000000727
865.679000000000727
865.815000000000727
865.969000000000727
866.062000000000728
866.477000000000728
866.557000000000728
866.697000000000728
866.775000000000728
866.972000000000728
867.605000000000729
867.675000000000729
867.822000000000729
868.176000000000729
868.29700000000073
868.42200000000073
868.57800000000073
868.62500000000073
868.73100000000073
868.77000000000073
868.88000000000073
868.95700000000073
869.07000000000073
869.17100000000073
869.25400000000073
869.40000000000073
869.859000000000731
869.928000000000731
869.967000000000731
870.089000000000731
870.531000000000732
870.723000000000732
870.810000000000732
870.848000000000732
871.894000000000733
871.959000000000733
871.988000000000733
872.446000000000733
872.548000000000733
872.659000000000733
872.784000000000734
872.908000000000734
873.031000000000734
873.157000000000734
873.278000000000734
873.422000000000734
873.548000000000734
873.668000000000734
873.801000000000734
873.944000000000734
874.230000000000735
874.366000000000735
874.639000000000735
874.771000000000735
874.905000000000735
875.035000000000736
875.164000000000736
875.313000000000736
875.511000000000736
875.596000000000736
875.727000000000736
875.873000000000736
876.020000000000736
876.203000000000737
876.297000000000737
876.417000000000737
876.474000000000737
876.550000000000737
876.566000000000737
876.695000000000737
876.858000000000737
876.983000000000737
877.115000000000737
1028.73400000000087
1028.89200000000087
1029.07200000000087
1029.22300000000087
1029.36900000000087
1029.63400000000087
1029.75900000000087
1277.09200000000109
1290.6560000000011
1292.43300000000111
1292.58400000000111
1292.87900000000111
1293.20000000000111
1293.79400000000111
1294.04200000000111
1294.17400000000111
1853.8610000000016
1854.0300000000016
1854.1830000000016
1854.33800000000161
1854.49300000000161
1854.65300000000161
1854.81700000000161
0
0
0
0
0
3600
0
0
0
0
0
0
0
3600.00099999983085
0
0
0
0
0
0
